id,value
0,0.027806389106500684
1,0
2,0
3,0.21782926968653155
4,0.10291901643366996
5,0.512915421327987
6,0.3326100782979559
7,0.6906185991054969
8,0.7717649927623442
9,0.29253352127726423
10,0.12897319646292
11,0.18575059306874414
12,0.46232913655512087
13,0.2649800488676487
14,0.48477279408539364
15,0.3309438708935104
16,0.40012850415381285
17,0.36264448603084143
18,0.4677898620893779
19,0.1863713191536882
20,0.7035684033476137
21,0.33191342335004437
22,0.2025123836502461
23,0.0035767788851558957
24,0.3646185753681003
25,0.41165584800619937
26,0.48242104630609584
27,0.5381606181318357
28,0.3418633481111576
29,0.5864078719387968
30,0
31,0.673232358463102
32,0.4613010921799682
33,0.43992745088767005
34,0.0794451221595541
35,0.6321450927343215
36,0.8175311112773139
37,0.6913821950274162
38,0.49289879290728567
39,0.3079536870004699
40,0.30357598677728775
41,0.3157536265002647
42,0.18826047895543996
43,0.5819947578632017
44,0.17644347204501448
45,0.8807277545854247
46,0.13855130868096366
47,0.14755937905050726
48,0.9235237652906731
49,0.49641819503592366
50,0.5318529947235778
51,0.37966068292862953
52,0.29965323760440793
53,0.2653136054996308
54,0.003507830267117651
55,0.6311966015868629
56,0.18014778913453444
57,0.4407351269822499
58,0.33897498554310523
59,0.509229298737478
60,0.47064679281642485
61,0.17664804774323867
62,0.637124691699364
63,0.6320570212900124
64,0.13885351585088784
65,0.10545163573698874
66,0.6894335064431121
67,0.6305813293560204
68,0
69,0.21107453195911116
70,0.41459951865469946
71,0.4673580015606976
72,0.6308440947746321
73,0.26424554352132557
74,0.6290698374425514
75,0.22404760887161937
76,0.47226545394005087
77,0.3011252572780485
78,0.37493698903068334
79,0.37232613196183445
80,0.23795765781404515
81,0.5420034565073857
82,0.4132250152430375
83,0.27857018138209777
84,0.4697241917764437
85,0.6353826084066718
86,0
87,0.4091028399799703
88,0.3955097061713688
89,0.4830271721970383
90,0.48777240649944276
91,0.25681881945545226
92,0.29026944434047414
93,0.6446972922473966
94,0.3692310410758773
95,0.1659871780403964
96,0.20058852006308037
97,0.20643112138278955
98,0.806975313610901
99,0.3138998568861047
100,0.21091739477762192
101,0.128846395360235
102,0.2705004264574457
103,0
104,0.024494867792840797
105,0.3730404612651303
106,0.3567182068483528
107,0.5274607507097309
108,0.5161160852561892
109,0.12749370617093925
110,0.1804180081614556
111,0.0905799169489937
112,0.0196518295045936
113,0
114,0.4501026139468797
115,0.45951788471613075
116,0.10191902105651324
117,0.29939859865332497
118,0.23523602730958618
119,0.09265810568309807
120,0.8212277940916819
121,0.3349206570576509
122,0
123,0.12644832371965575
124,0.26946917049413815
125,0
126,0.24359820993030679
127,0.3367616430008712
128,0.32878837163223407
129,0.4460127283416557
130,0.48927176348489104
131,0.3779759573211436
132,0.05959527805001219
133,0.5724983053133641
134,0.13641460545052775
135,0.7841125668417435
136,0.32233564773441636
137,0.10244567984641245
138,0.4386975422506193
139,0.5059462398717451
140,0.7890247220603338
141,0
142,0.5879919869823429
143,0.11971255130908265
144,0.5103298211832832
145,0.6864498359089879
146,0.33075315339247746
147,0.11459306727502408
148,0.21035639568773268
149,0.7636261061422369
150,0.3755535706615649
151,0.3703535797626264
152,0.5650370018620657
153,0.028883843818334587
154,0.16425069923787555
155,0.4059751643167456
156,0.681502794742126
157,0.09525962382457298
158,0.27960836032647074
159,0.6896164177413646
160,0.22973551954599303
161,0.28244520399108813
162,0.5863360378968743
163,0.2471215935134185
164,0.8325980307121412
165,0.27716135091851546
166,0.32732940364168517
167,0.3285374491587184
168,0.345666927900536
169,0.40805193007353235
170,0
171,0.2273916089012793
172,0.623286187322005
173,0.0864553870418201
174,0.33040231941864556
175,0.2894935368522008
176,0
177,0
178,0.3203009213018708
179,0.3144133599032206
180,0.5110217346796793
181,0.4354058888698813
182,0.44237153202075563
183,0.3705668226198145
184,0.3390735648217173
185,0.5893457001474647
186,0.398817310384699
187,0.39489540199820694
188,0
189,0.36779688098544927
190,0.040725492141110264
191,0.5280770621710582
192,0.13505258522879662
193,0.45634649547508993
194,0.330557661030853
195,0.4659919174519864
196,0.4470146163774211
197,0.3226015107513268
198,0.4791219871630801
199,0.6954508713199066
200,0.7878498143205519
201,0.09423805722432738
202,0.27517125136600024
203,0.524774195744958
204,0.471088707718251
205,0.507436407946296
206,0.04914233690815034
207,0.7398040150233923
208,0.159596748900006
209,0.25698887073806004
210,0.45897369162253865
211,0.40701276497145766
212,0.22247127209977655
213,0.038401558401113534
214,0.1509228140758846
215,0.5824191756231705
216,0.08899602739910478
217,0.5212678401571011
218,0.4478475285021515
219,0.8356613278436077
220,0.21306401623633336
221,0.5251150326225764
222,0.38707230676285337
223,0.4088891993335882
224,0.3646044251078426
225,0.4376998442842787
226,0.5500387353621166
227,0.32352432908795337
228,0.47798305816885645
229,0.19947038202050496
230,0
231,0.06337149800356204
232,0.10866982096147731
233,0.4818677339397687
234,0.2666264745203014
235,0.3052197748247715
236,0
237,0.4576224500429535
238,0.12559459126243971
239,0.63821127676469
240,0.010882430926524522
241,0
242,0.16134486674177073
243,0.17692301320612785
244,0.29303808315651914
245,0.4079422169584252
246,0.33423411985610385
247,0.5572816340808582
248,0.5059595406443154
249,0.5356183150143173
250,0.26842863167257536
251,0.7760658265928895
252,0.43013924803944237
253,0.009316222674184527
254,0.19855491771913428
255,0.3404478430628448
256,0.6444710674105364
257,0.22885334181316813
258,0.6337438561203428
259,0.4033087013609392
260,0.5660141815251627
261,0.36944852872673756
262,0.25217714212912695
263,0.27739933678204254
264,0.6164464056615935
265,0.5641250246355007
266,0.620948305365833
267,0.47454055067049705
268,0.49898392961098537
269,0.5557271115908258
270,0.8597225106857336
271,0.14832739458479363
272,0.08729907842724505
273,0.3626384882447356
274,0.6278393514842173
275,0.12098358539336723
276,0.07751644966760296
277,0
278,0.03573870658766437
279,0.3920658894456022
280,0
281,0.5290777832224312
282,0.274273844836631
283,0.2791128864685185
284,0.3793476595464814
285,0.34930923736722286
286,0.35357976590317985
287,0.05908561699246637
288,0.2556980322127139
289,0.6792663220826423
290,0.17004354485874182
291,0.35745675835210766
292,0.40571440803868386
293,0.1961724803751319
294,0.3134286599079157
295,0.43203881360319774
296,0.09555029582691388
297,0.27932707321703437
298,0.31879744746993877
299,0.16687516985288495
300,0.294751526507172
301,0.4971704772728615
302,0.5684544648539133
303,0.5268149288599909
304,0.160793616982821
305,0
306,0.14632990018479794
307,0
308,0.2029805465344296
309,0.3978675811835154
310,0.4081627587558447
311,0.1498479547515579
312,0.08807620375798754
313,0.43849028275721824
314,0.41701933157321946
315,0.465670894106395
316,0.48546505980442456
317,0.35805477792390933
318,0.4215930836155882
319,0.3541930841220692
320,0.5666069148573596
321,0
322,0.5230555873014873
323,0.15296467568483207
324,0.6676475948749935
325,0.5520336979290535
326,0.646694842331476
327,0.09536176850260372
328,0.37984571385034416
329,0.4373532948641957
330,0.4045486383400523
331,0
332,0.24711595688063026
333,0.6963641163092851
334,0.46015330210289057
335,0.21869062315080084
336,0.4916019158850034
337,0.6393410352384667
338,0.07630154008439766
339,0
340,0.0777284490260336
341,0.042454611157549865
342,0.670642229097344
343,0.39628910484643387
344,0.18031808069766941
345,0
346,0.8302373095507181
347,0.12450161078913609
348,0.6245840190908356
349,0.3179114351708686
350,0.6064034985458506
351,0.4851930353216095
352,0.483852595238388
353,0.2968892314815886
354,0.29766509656327833
355,0.7964535887552446
356,0.21886450981516736
357,0.3923366741999903
358,0
359,0.10663687897601196
360,0.4517212402615336
361,0.04937950403926644
362,0.25333293339691043
363,0.6277436794496314
364,0.5504890948370721
365,0.10833962480462159
366,0.5339933853797147
367,0.24004061480020092
368,0.43311581771217034
369,0.4431093124581317
370,0.45115501876602593
371,0.46056686198413443
372,0.45633338827740677
373,0.2975575611780126
374,0.12760394650304008
375,0.4607322261669552
376,0.4154934468604602
377,0
378,0.5569398864303026
379,0.49311483263402106
380,0.3896048876538559
381,0.3480842586326719
382,0.19389373831776108
383,0.06108609395899278
384,0.09763715427862116
385,0.445980961195084
386,0.34752843469828654
387,0.2793617576584291
388,0.41676167286374316
389,0.3950752178595771
390,0.7870213647146688
391,0.09619771575647303
392,0.6611696640535583
393,0.2607450504341811
394,0.7940184611228096
395,0.5022409897311454
396,0
397,0
398,0.6752641510690031
399,0.7506965652199877
400,0.30521218620624824
401,0.5233014374657652
402,0.3523090715378116
403,0.42105631195629173
404,0.27380533352199515
405,0.5626030708554156
406,0
407,0.32173708109393806
408,0.42066747579530495
409,0
410,0.2902098407235226
411,0.07554671033930012
412,0.3562647439858979
413,0.38370099288560894
414,0.48120819494310035
415,0
416,0
417,0.39454477643275876
418,0.23122733922194244
419,0.21253018723486683
420,0.17732504628372336
421,0.29424824724977616
422,0.30637173577370735
423,0.5927273511758615
424,0.05834171992675952
425,0.6903364249000239
426,0.5767762726088823
427,0
428,0.11231337563398436
429,0.7708407403497601
430,0
431,0.3363720711422882
432,0.23664888909891332
433,0.33363180564732525
434,0.27783203840349946
435,0.3217937439757843
436,0.2473939067247013
437,0.8658708879766894
438,0.12151775310681212
439,0
440,0.2346084792517459
441,0.39861845518961136
442,0.01910714146935294
443,0.6024877461604983
444,0.3377552943082094
445,0.3750032167294231
446,0.5762591731874656
447,0.2542168066893232
448,0.41132744384801706
449,0.4610932687886604
450,0.1796968358128188
451,0.0785466249411303
452,0.07883349454259742
453,0.7200489621158759
454,0.21163516288407397
455,0.8693403593746158
456,0.10004351687079827
457,0
458,0.4655467180620636
459,0.4559288879746244
460,0.7379618170613391
461,0
462,0.3494316773508804
463,0.76955245674716
464,0.31995598462356034
465,0.365069281746783
466,0.5428672930671028
467,0.2751622554111312
468,0.530270618125234
469,0.5663994358912885
470,0.36711466714589186
471,0.5588852284385298
472,0.14108757486660928
473,0.5106001824156494
474,0.502198151525618
475,0.28417048782622356
476,0.2533173242794278
477,0.009186867008324717
478,0.1005726515990435
479,0.2838645919707
480,0.5224408833869633
481,0.3433253587036065
482,0.19288496508453712
483,0.2924155421726358
484,0.467705670102768
485,0.17436590970648164
486,0.17133325927086368
487,0.0656557204693283
488,0.47379562685919124
489,0.6466599065445415
490,0
491,0.5987854126459642
492,0.5355550052661748
493,0.09008607564938259
494,0.37197320095883285
495,0.5872831043088802
496,0.5119326440021885
497,0.3087782947843856
498,0.14460358725751782
499,0.4952269256850311
500,0.3177210640400089
501,0.02719854100733826
502,0.2933890861958688
503,0.27045492241687835
504,0.1624378549745295
505,0.36897409120844027
506,0.31519974925676536
507,0.2863683010413549
508,0.24796997650379363
509,0.4440394473747337
510,0
511,0.12678820263556162
512,0.07264834014731586
513,0.2353403835431784
514,0.6226463193646927
515,0.32855553934214415
516,0.5712666761896463
517,0.12377743199304167
518,0.7402194253948473
519,0.22224502385871053
520,0.31526876547800864
521,0
522,0
523,0.0610726675295683
524,0.40861760498980854
525,0
526,0.32481297866029835
527,0.4662340932178218
528,0
529,0.6271080198685187
530,0.15202097336134063
531,0.31968398437623124
532,0.4167802011477154
533,0.21823362671977237
534,0
535,0.30765213524545343
536,0.4252421152018061
537,0.3120509167667576
538,0.4341056691966636
539,0.28374315774460435
540,0.7541473416969184
541,0.1288151691214595
542,0.3802404396438088
543,0.11360345534250973
544,0.6763220930082623
545,0.11452620286370918
546,0.6417130491028021
547,0.5461208863763409
548,0.3298656384513835
549,0.28405518843236066
550,0.00656474472935481
551,0.3234830158793283
552,0.47605203804872
553,0.33617832879808107
554,0.35804985022419267
555,0.5500853746023173
556,0.5100744016690911
557,0.5301604193735544
558,0.443612621681189
559,0.35778227918978767
560,0.16992913490933614
561,0.490483084790577
562,0.661084504509506
563,0.22151880976160024
564,0.23962988646637923
565,0.2508919440333638
566,0.715696507020555
567,0.24073484192298417
568,0.08671168918781835
569,0.3530886686662756
570,0.21575842909879395
571,0.30227789712823144
572,0.45902140523891194
573,0.4714398549989852
574,0.2914479904383984
575,0.18759010434271453
576,0.42516660733225703
577,0.5483003541730181
578,0.8232955948224968
579,0.06068706293170484
580,0.1240660213762656
581,0.5597398850256041
582,0.4778123237595512
583,0.3544069188251683
584,0.7054614881237482
585,0.18741370761818812
586,0.6063585245974723
587,0.2622907202889825
588,0.342658205387122
589,0.16961671077073773
590,0.06952654266633529
591,0.23004027404340646
592,0.5316902549249235
593,0.26889286782436217
594,0.2431691467402653
595,0.29221722241643866
596,0.4650679353073218
597,0.389940064382597
598,0.37617999906720156
599,0.6557777384470717
600,0
601,0.04584436010163684
602,0.7055480284964286
603,0.230980475522429
604,0.03818247043607681
605,0.3629523734339076
606,0.49962153166913104
607,0.43912712967730977
608,0.21777413732122153
609,0.40499193422561763
610,0.6878600193961205
611,0.4210985797277179
612,0.6028826762333209
613,0.39758282652801896
614,0.5050991691686751
615,0.1883802038880691
616,0.4907842263405333
617,0
618,0.6105902161189292
619,0.3447724983352846
620,0.47689692088130553
621,0.11562404518806302
622,0.3793933303157028
623,0.6059487269461354
624,0.28890254569576146
625,0.2595919695895106
626,0.4225285815702613
627,0.27401856401644153
628,0.4532889558367005
629,0.3456989399561447
630,0.46296974047494227
631,0.41569905940341184
632,0.5281736495426103
633,0
634,0.3893129890105598
635,0.25554249045491967
636,0.412607067382726
637,0.2627942690218513
638,0.24755213976541507
639,0.21384342222361047
640,0.026801432889513588
641,0.6498655919667045
642,0.06651854349636571
643,0.13907232041098938
644,0.3133390828533338
645,0.12169246149650315
646,0
647,0.7188500734199312
648,0.0889526606510396
649,0.5982311253346231
650,0.35012684788945725
651,0.12263083383255899
652,0
653,0
654,0.3857050925183047
655,0.7964288883942239
656,0.45847306564146606
657,0.19788152314626278
658,0.17360867112066408
659,0.11015728641756434
660,0.24877588393438158
661,0.2254583423755523
662,0.3292877453160051
663,0
664,0.18729728843911445
665,0.22473219146005113
666,0.3356510647207329
667,0.42405873190865423
668,0.157230982672928
669,0.2002242603331316
670,0.41726699052014626
671,0.45902438999917794
672,0.436458344390451
673,0.3121512486413224
674,0.547628584318859
675,0.21281517061375288
676,0.0750834204618118
677,0.4135976577799004
678,0.28153461147971925
679,0.28043473492115933
680,0.1922116728560142
681,0.49042449042008757
682,0
683,0.00671385333879948
684,0.2512891926588201
685,0.19238208128985768
686,0.3360347938596701
687,0.09402471953858021
688,0.14493803296351407
689,0
690,0.30589002289372336
691,0.5024048546726552
692,0.41639469473357027
693,0.13854334707309468
694,0.4631173702608831
695,0.3912225097901155
696,0.3632041476891032
697,0.4395076848989983
698,0.15264342337927017
699,0.4247308073810536
700,0.2547456780150017
701,0.6453303190757727
702,0.5449799651986595
703,0.017997731878795054
704,0.48329010692348184
705,0.12117822242687548
706,0.3719332818673342
707,0.17673007969634635
708,0.5613525606114679
709,0.3983573808701796
710,0.37784341242338915
711,0.429485746499876
712,0.6826527731240741
713,0
714,0.09623604247385578
715,0.2577941211614235
716,0.33796036945541125
717,0.46532132779765517
718,0.0397357414441173
719,0
720,0.31335317889409564
721,0.3071930634963164
722,0.1019857714043645
723,0.3791961954371414
724,0.5146198723916215
725,0.07473950960838754
726,0.480325678943553
727,0.24804796392321143
728,0.10950219599372196
729,0.38685619712530306
730,0
731,0.28844553120468197
732,0.15175285036006822
733,0.3853663214090109
734,0.3211547370700208
735,0.07184487963432382
736,0.39167270667195575
737,0.5332025382734992
738,0.18073806360479838
739,0.07901357164943756
740,0.6570570826066593
741,0.5123167514488944
742,0.3821988284785087
743,0.10054006665606374
744,0.4278222136677234
745,0.4642879663873021
746,0.2682209777351478
747,0.19366563945954218
748,0.15399443122040618
749,0.41009158241541266
750,0.7654839319989197
751,0.2133970331848826
752,0.22792192571468126
753,0.388346892044844
754,0.18143529530798005
755,0.6534650273034978
756,0.3675556156158988
757,0.49514732604277484
758,0.1377198940635444
759,0.07694427057694048
760,0.03173319024127508
761,0.3543504285434354
762,0.3207715704122242
763,0.6406342775600138
764,0.3007716407234981
765,0.4588381032156922
766,0.4294154092498459
767,0.48040310854265866
768,0
769,0.3269106644448757
770,0.6452448266065043
771,0.5794467413237974
772,0.4440147348877699
773,0.3173423856958488
774,0.16133740442393119
775,0.7345040250152011
776,0.2596003946417731
777,0.493350876112174
778,0.2486866253957345
779,0.7433859210144337
780,0.2996693945493262
781,0.7262296601968422
782,0.6536538485054766
783,0.32709577662754485
784,0.609739779520377
785,0.5047497516933529
786,0.5066446164828671
787,0.5637169811205963
788,0.4114484429492613
789,0.937015408317187
790,0.43239351773023976
791,0.13690287766584952
792,0.508891043721363
793,0.3810473248285358
794,0.6006116269823198
795,0.4191571906039726
796,0.20348135233526365
797,0
798,0.908640569610766
799,0.16558483518486794
800,0.43498104863302595
801,0.48097696713920196
802,0.22568866066170734
803,0.4885106854409158
804,0.5185485559559913
805,0.47415642984487333
806,0.5146424531241096
807,0.059909563153796586
808,0.5311170904352294
809,0.7456709117129177
810,0.6153974265352843
811,0.057675830846172754
812,0.5686724480169332
813,0.07708804868841532
814,0.2733597341816246
815,0.43157571956394675
816,0.3556966878483347
817,0.4031070855726166
818,0.10506281500512465
819,0.3555052302793942
820,0.40814750496238755
821,0.15724072782885945
822,0.5390771923053872
823,0.1613673863327067
824,0.6354082356064217
825,0.3298861011690562
826,0.5481693136963156
827,0.04262871011102615
828,0
829,0.7022553991937095
830,0.44175106751000504
831,0.018462077327509457
832,0
833,0
834,0.22538684825589472
835,0.3088460373963971
836,0.24988821145402149
837,0.10931051354686096
838,0.33446395835853504
839,0.31301268170763974
840,0
841,0.3502779652559621
842,0
843,0.21593565201064363
844,0.40729055058994823
845,0.4425321356830245
846,0
847,0.408789632792235
848,0.5264434928856054
849,0.45779343119319815
850,0.2115436641052788
851,0.2798171200929022
852,0.4939617446233987
853,0.35165627449567516
854,0.5811884458480814
855,0.3407647590906517
856,0.46399423328106304
857,0
858,0.3733370935114844
859,0.4627975662725474
860,0.43487076267611013
861,0.5084613839960774
862,0.5067074975794399
863,0.619414981943706
864,0.10448438814890876
865,0.027342133974047056
866,0.050270471070080425
867,0.031880418065826394
868,0.5672332489451543
869,0.4810125079960174
870,0.040927056570758624
871,0.5790647226970609
872,0.0878527352848561
873,0.12045867636420407
874,1
875,0.07911278078141443
876,0.2025928408958955
877,0.4332411729677089
878,0.06001126244181343
879,0.612360612790121
880,0.2625679739684054
881,0.26491129785751333
882,0.37707038003665155
883,0
884,0.11478316055150922
885,0.11777896812389027
886,0.23634164590391246
887,0.6192520115198719
888,0.5684090721776176
889,0.5746257901228813
890,0.242203623843989
891,0.038071364470516844
892,0
893,0.4930886419931638
894,0.6429031292142973
895,0.24624642510735095
896,0.3628229673369501
897,0.23513849007190513
898,0.1784400359136577
899,0.4321644700809192
900,0.132012371317928
901,0.3778383704454986
902,0
903,0.44101903415584076
904,0.11637772388336642
905,0.6180368669155222
906,0.38685663929869996
907,0.5393275947489303
908,0.48849190355370464
909,0.37840351860460303
910,0
911,0.650838663321814
912,0.5729531853587597
913,0.5340220700315264
914,0.6161090631806415
915,0.3262801442874952
916,0.28677752385560445
917,0.2007419332050201
918,0.35682470027880664
919,0.5433635105634818
920,0.28679170900607154
921,0.6066158993507228
922,0.45607776578688175
923,0.16212275523005482
924,0.13416845591308185
925,0.03809626622196971
926,0.009269647984997964
927,0.2425967441477605
928,0.24993547366649965
929,0.004385888269208549
930,0.5178612112781931
931,0
932,0.38376792733155096
933,0.314079662389
934,0.2419488624593629
935,0.1537092319404418
936,0.021695539764823635
937,0.46187450266764196
938,0.3612785825558651
939,0.31713857864989276
940,0.1776125751084772
941,0.2961410774853722
942,0.6164848541719102
943,0
944,0.449442600019868
945,0.4178228056644074
946,0.1894791306021683
947,0.1375256169795216
948,0.20436170381652002
949,0
950,0.41735575643708106
951,0.6631769237730525
952,0.19420305594462572
953,0.3353999660999692
954,0.2850095229014598
955,0.13165892170874116
956,0.30069831833075794
957,0.30932572258958235
958,0.4323543961784836
959,0.6242397529379189
960,0.5198456634639212
961,0
962,0.42844870163890825
963,0
964,0.2694301220459714
965,0.18355084075307435
966,0.11373284414891324
967,0.34688921614365187
968,0.30716683358450236
969,0.29481714597621744
970,0
971,0.002461567696449507
972,0.6136801262822169
973,0.14853985421600674
974,0.4454761568248127
975,0.026046914227004392
976,0.5280167377983651
977,0.4552066960817277
978,0.20167693117098084
979,0
980,0.19554166801560158
981,0.30077357834841983
982,0.28551609987107435
983,0.44682638340832953
984,0
985,0.3027442525042896
986,0.2496935946684968
987,0.41489686508738594
988,0.5690102956819972
989,0.5716101320828331
990,0.2900251300000214
991,0.467548232664017
992,0.13799907829365965
993,0.10101426529654298
994,0.3750734594768073
995,0.2755993269945465
996,0.5614487744382397
997,0.3381859921825723
998,0.8517409885120255
999,0.18681357222769585
1000,0
1001,0.30722087271303355
1002,0.07501528790464451
1003,0
1004,0.40687712335984666
1005,0.5375349209129191
1006,0.037744955353228526
1007,0.3702792356996769
1008,0.2995567345308029
1009,0.457885489480663
1010,0.30764590006155595
1011,0.40227167185215096
1012,0.45046731693542585
1013,0.4943113260179966
1014,0.3621026902366874
1015,0.20667773273342613
1016,0.22439981956668423
1017,0.32649944876540093
1018,0.4472671873665227
1019,0.3102398856283487
1020,0.358494607776263
1021,0.08746163691555603
1022,0.49023077157082484
1023,0.19281442765547746
1024,0.4702088049749261
1025,0.10375819341846795
1026,0.4036606330038162
1027,0.06224454244796879
1028,0.3741438810560726
1029,0.08831540062791204
1030,0.23579510086067393
1031,0.17318372136774468
1032,0
1033,0.4170876923096324
1034,0.1844244712779609
1035,0.3548242990012704
1036,0.4610820980870414
1037,0.0006698685450481356
1038,0.20957466602938268
1039,0.3431863367130798
1040,0.5237941954960089
1041,0.653781756314189
1042,0
1043,0.3966493691477689
1044,0.41748293466557573
1045,0.27705335872912923
1046,0.3430153026040953
1047,0.2670884823024363
1048,0.06077180309610852
1049,0.4636348163332173
1050,0.3966616349750527
1051,0.39029064183474427
1052,0.40810148770710386
1053,0.4257336881203444
1054,0.49868655744655765
1055,0.37124964087517504
1056,0.7543763025381744
1057,0.3489113325489455
1058,0.41997029699555427
1059,0.43473503091532095
1060,0.5479981932285256
1061,0.3935669234563544
1062,0.0929428158096457
1063,0.49564792020524473
1064,0.3690066920071159
1065,0.44874899456243533
1066,0.3518946178068164
1067,0.40958256333257115
1068,0.3143773786057932
1069,0
1070,0.16108410242856808
1071,0.5888685225157033
1072,0.6998233878515834
1073,0.4054030874999396
1074,0.3900967327781191
1075,0.2617544403818095
1076,0.45429026612426343
1077,0.34606714283277357
1078,0.5059832768368858
1079,0.05888991959435019
1080,0
1081,0.3890574705932024
1082,0.351305105782614
1083,0.8418977210526611
1084,0
1085,0.2621350882321084
1086,0.466095009908351
1087,0.21322061055581717
1088,0.1621051100421746
1089,0.18076140875613922
1090,0.35294356400156995
1091,0.24314594359923158
1092,0.6952319225039061
1093,0.21280202941637943
1094,0.40753520126731885
1095,0.018972916866599132
1096,0.2259439709640165
1097,0.551001761386083
1098,0.3120340001757052
1099,0.38332918691103085
1100,0.13372244231083993
1101,0.2534912059654653
1102,0.34219318794005354
1103,0.27079452988425234
1104,0.22337129578743864
1105,0.449227356500175
1106,0.08113978965788515
1107,0.253664882217262
1108,0.29110435270462676
1109,0.32258444136903675
1110,0.3416129830351581
1111,0
1112,0.35521016009272144
1113,0.5401986041615456
1114,0.7829969515365718
1115,0.17931968708684445
1116,0.030799686472111704
1117,0.4958397632413627
1118,0.42036452752146014
1119,0.25999697900368135
1120,0.693860134614505
1121,0.2320619935056093
1122,0.5653153986889112
1123,0.46640555559982927
1124,0.0932796378991883
1125,0.35870714556454036
1126,0.550670907927611
1127,0.6172376888793558
1128,0.30842902023020885
1129,0.8381984154602413
1130,0.22932110550481918
1131,0.4152666814072096
1132,0.09059725952756612
1133,0.13998372463913622
1134,0.17767490137251007
1135,0.56614694869245
1136,0.8412161118949169
1137,0.725067626146858
1138,0.6931866915420438
1139,0.45110974907373647
1140,0.20652248780406346
1141,0.6263696112069183
1142,0.22668602434961685
1143,0.4427190627703235
1144,0.6150782428414374
1145,0.13608858117679326
1146,0.16558564747204912
1147,0.46519242663541416
1148,0.11537000872929054
1149,0.48270549879961283
1150,0.47516301451190673
1151,0.3608712116551116
1152,0.23240679068690934
1153,0.2675576976328654
1154,0.11083472911056627
1155,0.6273019037046947
1156,0.6750484548197212
1157,0.2614334291465388
1158,0.02716016087129952
1159,0.379645863181631
1160,0.05415967339138744
1161,0.46681024146191863
1162,0.17538176632523048
1163,0.10607407756095827
1164,0.3431017885363715
1165,0.22512150676417364
1166,0.6259056545280526
1167,0.5019548757723505
1168,0.3336555287893609
1169,0.2971851438757289
1170,0.26191853223881434
1171,0
1172,0.15537320961698747
1173,0.5566746902352413
1174,0.14515237473941286
1175,0.47246975370304645
1176,0.6538925617536142
1177,0.4346844551055973
1178,0.6087618795585477
1179,0.6318226321644498
1180,0.32094640568371097
1181,0.16164617359770198
1182,0.27615632683170954
1183,0.5034115810025306
1184,0.40441601858675147
1185,0.4411373223294918
1186,0.251424614264669
1187,0.13957856359795048
1188,0.29574202932338833
1189,0.047860808895176646
1190,0.3264126424885959
1191,0.08682095293604936
1192,0.4722041723989325
1193,0.26155670988924923
1194,0.7295499718814363
1195,0.37394259340550345
1196,0.2536410501538159
1197,0.3134992576003363
1198,0.37992581293852795
1199,0.25693967955015184
1200,0.3958879016904795
1201,0.661277472239008
1202,0.3354792331981807
1203,0.25511782534910743
1204,0.3549549580400336
1205,0.37607472093994376
1206,0.430436013868427
1207,0.03992441440889405
1208,0.14819736261937827
1209,0.09909515877781347
1210,0.2231814098464987
1211,0.30052773162723456
1212,0.2602040114943803
1213,0.1589651369362804
1214,0.6817491677582236
1215,0.2710405109852515
1216,0.868822779541601
1217,0.44006718706498404
1218,0.7845661324176503
1219,0.3915541521917185
1220,0
1221,0.2530616678206132
1222,0.267059810094758
1223,0
1224,0.4775641340974526
1225,0.39304699553376987
1226,0.14021342317684934
1227,0.05185055473360811
1228,0.12669124637236368
1229,0.5552316647265528
1230,0.34192970912669857
1231,0.16366392693239845
1232,0.04010314078257998
1233,0.47163926127408323
1234,0.2684847608638334
1235,0.5471299565886654
1236,0.31105607050948
1237,0.6229293164514678
1238,0.505790320574609
1239,0.14522409200361663
1240,0.28919302991242957
1241,0.5524087175015878
1242,0.32285443026311983
1243,0.6236278468867664
1244,0
1245,0.3010556159706163
1246,0.1412488874536171
1247,0.3767669509037948
1248,0.44328763103196744
1249,0.1889712076332196
1250,0.16604137238278235
1251,0.8158203033398389
1252,0.13750196107964735
1253,0.3647188487646123
1254,0.5690732004905943
1255,0.5634925491440859
1256,0.25600022670729705
1257,0.00008373443357695409
1258,0.2033790187902338
1259,0.12302905974602685
1260,0.34664658942206805
1261,0.018893415069119623
1262,0.18337369542797657
1263,0.6035751560270617
1264,0.34602032173937314
1265,0.7806025687290972
1266,0.0745960888780956
1267,0.19999798914523825
1268,0.14270266139596788
1269,0.12828025924007053
1270,0.2731182456989466
1271,0.7997714406330165
1272,0.14974560166017173
1273,0.17257083666963052
1274,0.05984148651901339
1275,0.5042018981335975
1276,0.3658479853638957
1277,0.60632536287747
1278,0.7077659656592488
1279,0.23054047858599774
1280,0.22440704361478014
1281,0.5104628676367082
1282,0.3662716679018243
1283,0.14586409093920283
1284,0.6534079616462388
1285,0.640850104687344
1286,0.22680320043573998
1287,0
1288,0.4606440147917015
1289,0.1320039324645652
1290,0.22199258770289693
1291,0.20582521912225127
1292,0.2782836573849943
1293,0.6728549431333303
1294,0.4534706099921802
1295,0.18980902159273655
1296,0
1297,0.17249395031873835
1298,0
1299,0.5321558560177453
1300,0.11579743222737576
1301,0.3616475500652418
1302,0.4491159596420792
1303,0.8695375246419919
1304,0.410594052402627
1305,0.3663044283049703
1306,0.27167675174924993
1307,0.5118759519529249
1308,0.18199492899794015
1309,0.15600050625982712
1310,0.06878023101492568
1311,0.754786653224698
1312,0.5963214262996165
1313,0.533619889908868
1314,0.40118373148978753
1315,0.8184955582309503
1316,0.5063494473703449
1317,0.18192895481543286
1318,0
1319,0.44731585947304436
1320,0.44677536823176656
1321,0.06068274307220675
1322,0.32866562658537596
1323,0.5599723574460305
1324,0.9484051793065452
1325,0.22017566553838608
1326,0.5179069500695382
1327,0.45096207658029697
1328,0.22127365030544907
1329,0.06399519945118956
1330,0
1331,0.192490972601538
1332,0.017759287541236013
1333,0.1412217558033418
1334,0.35765883972335555
1335,0.14639439669580517
1336,0.6102109407765604
1337,0.5634152516064479
1338,0
1339,0
1340,0.40471458607460364
1341,0
1342,0.16780777997440285
1343,0.15950295478584234
1344,0
1345,0.6334182204289371
1346,0.5306103272709934
1347,0.7168117272618424
1348,0.5747964198434474
1349,0.40443199221519555
1350,0.5924589514172391
1351,0
1352,0.8792696124000835
1353,0.24141222215713648
1354,0.1215632561903954
1355,0.3232469538292236
1356,0.45434231134938396
1357,0.4066789427739475
1358,0.11928970971780348
1359,0.38959436062728997
1360,0.7185417206694733
1361,0.29586947600774754
1362,0.38408805907842947
1363,0.305150602017417
1364,0.48865120721612276
1365,0.38790063674278363
1366,0.6012511628653553
1367,0.6168951170017286
1368,0.2686539854417212
1369,0.29777759737653386
1370,0.06835574854969742
1371,0.8276682234935382
1372,0.2120200941866271
1373,0.21078942732625372
1374,0.019948362340864362
1375,0.32845086568942694
1376,0.7297052304957832
1377,0.34151671815262846
1378,0.2523790696860389
1379,0.17364312941172808
1380,0.13930474514760138
1381,0.4134760909566776
1382,0.6507287347666507
1383,0.4352592354101251
1384,0
1385,0.5227720617353965
1386,0.2136893764975615
1387,0.5071388798948157
1388,0
1389,0.33565988927368784
1390,0.03073156043502595
1391,0.41228052153241423
1392,0.3083860181302455
1393,0.4697052486167211
1394,0.426726606523618
1395,0.28813378053047456
1396,0.41798591511288796
1397,0.5250010461896093
1398,0.26461042924170597
1399,0.20132958745577575
1400,0.3923822729491009
1401,0.01379639302242422
1402,0.5589238583725324
1403,0.15493389572398492
1404,0.2836119491968425
1405,0.3930931881798268
1406,0.055168462111366
1407,0.29244401700789546
1408,0.04748159675343808
1409,0.6017922921173816
1410,0.4876283676229562
1411,0.28547734878591857
1412,0.4475727017168598
1413,0.2788841515093218
1414,0.4932531775656077
1415,0.2539278820203217
1416,0.08790680578973326
1417,0.6880498735033052
1418,0.09304029258523033
1419,0.771663023064038
1420,0.3423438699217051
1421,0.6391687141793244
1422,0
1423,0.24193952411764647
1424,0.12046666572174614
1425,0.7140344804319332
1426,0.6856008893863781
1427,0.4183469700815293
1428,0.1887742911675594
1429,0.6327490437278243
1430,0.3497183952285442
1431,0.31869465126769164
1432,0.4873474076724017
1433,0.08161718477342872
1434,0.3096642022310421
1435,0.36820774787650373
1436,0.2478216012146145
1437,0.21783914454111264
1438,0.08248483302256274
1439,0.5633526872134814
1440,0.3618844401430347
1441,0.14862550685139753
1442,0.27820133629105603
1443,0.4884143352689201
1444,0.5000328938440382
1445,0.6158295532830984
1446,0.6081645157021963
1447,0.31649218398830126
1448,0.3755298201223597
1449,0.20692179629439234
1450,0.4418960146273329
1451,0.26339683042598455
1452,0.7152093467056555
1453,0.22340021988290215
1454,0.23095667150244345
1455,0.2600549775230395
1456,0
1457,0.5382092423219875
1458,0.6996880506665987
1459,0.3886387312848478
1460,0
1461,0
1462,0.38466920914883884
1463,0.5669920689509619
1464,0.5234466574881211
1465,0
1466,0.45575591000886645
1467,0.17833531986441858
1468,0
1469,0.4002244691045548
1470,0.45051494079157495
1471,0.37417476597995647
1472,0.20922248687530867
1473,0.438185375410968
1474,0.04144115786741526
1475,0.42732456547287534
1476,0.1302138059708773
1477,0.37602078652430115
1478,0.18730123603983287
1479,0.19297830008008396
1480,0.3077939436323008
1481,0.023057779447557214
1482,0.19121444809009222
1483,0.22360669171520142
1484,0.6547559330676636
1485,0.157245422445158
1486,0.6132703552177268
1487,0.6789803863118506
1488,0.32673678161667763
1489,0.007552780262089609
1490,0.5243860722109086
1491,0.2635727668176126
1492,0.531391875733341
1493,0.6249777977102532
1494,0.5198431549798382
1495,0.07783774392907988
1496,0.44589406039483387
1497,0
1498,0.17970380694341537
1499,0.8458011282199942
1500,0.28987415741003864
1501,0.5052704103515695
1502,0.12186462624698316
1503,0
1504,0.20599558239336846
1505,0.5230791066695376
1506,0.3741438805966677
1507,0.47316652602987774
1508,0.014037912349607107
1509,0.35749701933236544
1510,0
1511,0
1512,0.5855808588989154
1513,0.6846986486849953
1514,0.3793034923742531
1515,0.3456652140320667
1516,0.1338009380112659
1517,0.16477349244478362
1518,0.32044526012063457
1519,0.40372924518905734
1520,0.6096658244559783
1521,0.48851588345042307
1522,0.35503612971218135
1523,0.5844685335339862
1524,0
1525,0.35528279215953673
1526,0.13420354504548898
1527,0.14459457219140545
1528,0.43368790797728973
1529,0.49464055900035064
1530,0.6189023225287622
1531,0.2917582783475177
1532,0.05064119777859477
1533,0.5752799291463043
1534,0.41701761212962707
1535,0.8531259707877685
1536,0.22471623721447712
1537,0.6695981898128054
1538,0.2873295883385047
1539,0.4845185834581868
1540,0.4944104687448176
1541,0.23385753360304662
1542,0.03892358253218464
1543,0.4454967154601843
1544,0.44479728650074446
1545,0.6742164896383993
1546,0.3708239135664687
1547,0
1548,0.10147130893317086
1549,0.13192223592337646
1550,0.301941798261398
1551,0.15897814149038136
1552,0.38777942596861165
1553,0.5615355565198059
1554,0.46329862904381236
1555,0.39229168523522906
1556,0.4994891667525006
1557,0.29762951779552527
1558,0.5369788816972253
1559,0.03188190942002822
1560,0.28019403614116106
1561,0.4525634943616411
1562,0.2551392934733953
1563,0.5499593985108114
1564,0.3796020761231354
1565,0.2145566140518457
1566,0.36619807630360457
1567,0.4275232423526928
1568,0.5992298548795999
1569,0.14528123986180513
1570,0.2085877395944533
1571,0
1572,0.8360333955347956
1573,0.35490692238412924
1574,0.15006616767498931
1575,0.12020505503246143
1576,0.8596480013713304
1577,0.45483443741884433
1578,0.47208499202615256
1579,0.6038176432067259
1580,0.5067009017260466
1581,0.2984981319092603
1582,0
1583,0.38436410138257604
1584,0.6790177519757525
1585,0.33337084007856826
1586,0.21539284992527535
1587,0.7876123113282679
1588,0.5757186044365135
1589,0.26219213847037914
1590,0.084834954731066
1591,0.8223038200966593
1592,0.4078795141141895
1593,0.3866195081183872
1594,0.4904459714167675
1595,0.7320698099974182
1596,0.22858787595476435
1597,0.8199291001661166
1598,0.6029003589555562
1599,0.29495114315450643
1600,0.28380901448351226
1601,0.39167182359450825
1602,0.27259091092130106
1603,0.43614094617356264
1604,0.3101032705149931
1605,0.2196708941756493
1606,0.2957177437415836
1607,0.42646036148101785
1608,0.7480058431661101
1609,0
1610,0.44662836857987165
1611,0.31128646902973595
1612,0.5524561032165556
1613,0.565431399438066
1614,0.33357021773380957
1615,0.5415849506006952
1616,0.6314087605468801
1617,0
1618,0.05860221137728497
1619,0.45220529427855954
1620,0.3337094034975413
1621,0.6633565059568862
1622,0.2893576131688185
1623,0.2637770192845223
1624,0.2272842108495781
1625,0.34831378070745167
1626,0.3285863135567601
1627,0.4192883191958707
1628,0.2849988412410248
1629,0.5225216894482481
1630,0.2892363741456441
1631,0.4742896076259917
1632,0.37699242464701915
1633,0.25464845946195414
1634,0.2627906622568867
1635,0.06749729089760115
1636,0.1964451649079536
1637,0.6151716280441037
1638,0.08648420721300165
1639,0.3031408933908297
1640,0.6544181651565739
1641,0.8268500791435474
1642,0.4492851070002082
1643,0.06259433037814241
1644,0.11438399458784787
1645,0.47049191044859395
1646,0.685540722114301
1647,0.5625125189414399
1648,0.5983691332422425
1649,0
1650,0.2803255529362372
1651,0.7081939871822243
1652,0.6147160331287047
1653,0.36516712111856703
1654,0.22038438520558853
1655,0.8542133401901904
1656,0.35086241378985444
1657,0.3328500509604469
1658,0.17800292494024642
1659,0.9106166446322996
1660,0.5499774051979851
1661,0.6540259782126723
1662,0.5009701907220585
1663,0.5035549046552887
1664,0.7079039772055198
1665,0.7719202661508806
1666,0.7841257321594131
1667,0.3411469352046671
1668,0.10293628484823988
1669,0.48031421080706715
1670,0.1794919043236048
1671,0.9699190375038975
1672,0.5460394925143982
1673,0.3465013548639322
1674,0.013928264401201651
1675,0.22790726775397527
1676,0.457995326323328
1677,0.32855029507412103
1678,0.4215587885314789
1679,0.29860092006126293
1680,0.42880108948669265
1681,0.27610994262182625
1682,0.20778495325473945
1683,0
1684,0.24688849605328356
1685,0.30573294075642266
1686,0.24409908572999517
1687,0.6097806470873786
1688,0.21525281637743893
1689,0.040265265562581976
1690,0.3339833149693881
1691,0.6310720407891035
1692,0.6342760910473922
1693,0.4280495328403837
1694,0.682237097804793
1695,0.40699859537349
1696,0.6050613502095143
1697,0.6279830227395313
1698,0.36333616965569204
1699,0
1700,0.37596514106433576
1701,0.6564046829868773
1702,0.48004714768233037
1703,0.34014717103903047
1704,0.6482591032751487
1705,0.4454081422649095
1706,0.44965597974181437
1707,0.38814712805862306
1708,0.3298528210494545
1709,0.32791278361480414
1710,0.08884520148639086
1711,0.33413483953576045
1712,0.2873926491615104
1713,0.4391293140493776
1714,0.3321256545454719
1715,0.17197415799159402
1716,0.1300188840555409
1717,0.01463587874707939
1718,0.1527145475373436
1719,0.6098179749199837
1720,0.377748193272236
1721,0.14687911019415803
1722,0.21967044278944142
1723,0.49339476763250045
1724,0.08806061708788561
1725,0.03550987313105408
1726,0.14901676781040699
1727,0.7158418907926853
1728,0.16178150329327184
1729,0.4538558063830256
1730,0.6129463527882091
1731,0.33957975212542996
1732,0.14692871071676603
1733,0.3054765436703953
1734,0.19509197501513661
1735,0.32148178817204887
1736,0.14280425444404524
1737,0.36291017265020187
1738,0.39030760335702247
1739,0.5108880341366225
1740,0.18428593660534
1741,0.3387005726576574
1742,0.3740075418390626
1743,0.46896025243500433
1744,0.3553247284916823
1745,0.5222109086834628
1746,0.38901849257434984
1747,0.40649614418817814
1748,0.5735764597133494
1749,0.04023742981419065
1750,0.19480244849800332
1751,0.2946756541550616
1752,0.546575272919853
1753,0.465566634195596
1754,0.3734264252504793
1755,0.5961616356728076
1756,0.4129262043368518
1757,0.1889806843109081
1758,0.6028578972034919
1759,0.5006869958585216
1760,0.41884106972565693
1761,0.6173600803388617
1762,0.42515358571732675
1763,0.676066383633878
1764,0.38352408594585546
1765,0.004259763832990204
1766,0
1767,0.40836026512920853
1768,0.1555662106983287
1769,0.242490381354842
1770,0.35668086165573337
1771,0.44964448236068955
1772,0.49641309832509944
1773,0.23528070705046011
1774,0.5030208293127739
1775,0.5929360108782153
1776,0.5818361299583609
1777,0.2523532589786347
1778,0.5363577970252498
1779,0.2602099889266224
1780,0.5073760888100841
1781,0.4317849360627191
1782,0.04014309845833036
1783,0.5410471092761914
1784,0.1590368664944109
1785,0.2878322165957043
1786,0.26274233150133036
1787,0.1418033857779225
1788,0.42828788880155777
1789,0.3129156189964633
1790,0.3966953240462482
1791,0.4321290716578317
1792,0.6802862517007183
1793,0.4557839357074458
1794,0.07651010105682937
1795,0.5791744636499163
1796,0.26236521036980076
1797,0.3163484404298777
1798,0.1963695267026913
1799,0.5645500001917134
1800,0.15448088293850876
1801,0.4425263813434847
1802,0.345118869310598
1803,0.17989108883830063
1804,0.6998049590551718
1805,0.5015162256372584
1806,0.21549774760121226
1807,0.32115292805295764
1808,0.40892077147506284
1809,0.6814737049201225
1810,0.38152265599503365
1811,0.19053140295660514
1812,0.07615215740331804
1813,0.1870818594843417
1814,0
1815,0.5766991197943124
1816,0.10396197117258191
1817,0.5032168025289347
1818,0.5114431967002344
1819,0.6869252377519035
1820,0.5841925632832068
1821,0.3602285834685221
1822,0.22593637748850665
1823,0.4738969437111815
1824,0.1261359462868233
1825,0.46365222421998137
1826,0.3237240819069585
1827,0.35494642108276847
1828,0
1829,0.46426287500570984
1830,0.3896510829179409
1831,0.5189782205489024
1832,0.16475993841692496
1833,0.23403009835152813
1834,0.33601193818870856
1835,0.3220325836892233
1836,0.1787415582108697
1837,0.15930693504155746
1838,0.18468922420876654
1839,0.29881697590507905
1840,0.6710231349643152
1841,0.24472474070076905
1842,0.09280681865830825
1843,0.2222195454012576
1844,0.310923801640907
1845,0.7362739243704199
1846,0.19190596131792892
1847,0.26741635494398597
1848,0.43297102994878883
1849,0.6251299713741825
1850,0.6366640184764452
1851,0.43011856632228845
1852,0.6483429704989747
1853,0.7883543040397092
1854,0.8036426145033004
1855,0.1281655375446818
1856,0.42064637064350596
1857,0
1858,0.26246743871181666
1859,0.2764849823242463
1860,0.5441152759847683
1861,0.32888349940616546
1862,0.4503499939285822
1863,0.15623482162559513
1864,0
1865,0.5690468619318562
1866,0.5771884617510046
1867,0.23106058685656516
1868,0.534318675355378
1869,0.9149278504355663
1870,0.43150291466538504
1871,0
1872,0.4465507999033437
1873,0.18485928488844192
1874,0.4743897633138337
1875,0.5634605409801997
1876,0.281951156082706
1877,0.3174091327290819
1878,0.3260539134107211
1879,0.46408634083401373
1880,0.3026306810120267
1881,0.5287894006618293
1882,0.35632484393595143
1883,0.2736017276467906
1884,0.1909424946778691
1885,0
1886,0.25864113369434505
1887,0.4381087698232612
1888,0.11289535471736209
1889,0.2987990597363416
1890,0.4285130007527855
1891,0.336621259499744
1892,0.29154413604507706
1893,0.4479500999523368
1894,0.19985829530397747
1895,0.7390959114352171
1896,0.2764934461315061
1897,0.1927967107462235
1898,0.607992370348246
1899,0.5670623922814936
1900,0.23510262259803044
1901,0.4828167861720727
1902,0.438186439099722
1903,0
1904,0.703689074840611
1905,0
1906,0.5454842523495811
1907,0.5744681852056931
1908,0.018694733362103255
1909,0.18066407362594078
1910,0.2818526211379724
1911,0.20574930597248642
1912,0.6503977450889519
1913,0.3820611582094061
1914,0.09132012326854941
1915,0.3455617867940296
1916,0.14406156624454478
1917,0.32634397843146534
1918,0.5654478441215506
1919,0.44104690057246243
1920,0.5789026155877568
1921,0.30681740803072477
1922,0.07090210780170136
1923,0.2612370202109685
1924,0.2793572807238499
1925,0.48733397362419517
1926,0.35122271099621916
1927,0.42700758496814584
1928,0.7264967543973921
1929,0.29284876370548446
1930,0.4724747239756008
1931,0.23701382960802225
1932,0.6199073649150542
1933,0
1934,0.5088423104001115
1935,0.3091504634645073
1936,0.24096151215108244
1937,0.6233229271952012
1938,0.5113498560795469
1939,0.369010542552457
1940,0.025502876646163658
1941,0.29202751343985356
1942,0.07686351898433205
1943,0.2738114930013563
1944,0.37067015604579034
1945,0.44002861990528297
1946,0.7785436778485231
1947,0.42093244775980354
1948,0.4510916268602989
1949,0.16934580320183107
1950,0.7246994410643498
1951,0.3517714995604044
1952,0.09665759359189768
1953,0.23769323383127305
1954,0.021484357476030197
1955,0.3633916165179605
1956,0.35684723239142513
1957,0.45602314135292144
1958,0.5188943749232636
1959,0.4422794805593873
1960,0.3904783828697497
1961,0.3237692288068042
1962,0.5116974755713883
1963,0.3420243568587109
1964,0.45416493084877185
1965,0.4884317513903519
1966,0.3881987844653154
1967,0.3542514581247777
1968,0.05440360452724849
1969,0.3767969090665165
1970,0
1971,0.5495927837947456
1972,0.2883381171024521
1973,0.08777398428783867
1974,0.3808332649882895
1975,0.4053104714783911
1976,0.22821292406139276
1977,0.8870168851262454
1978,0.13204347270709
1979,0.3924793023543068
1980,0.7524604616140255
1981,0.5308939304845011
1982,0.530458172135229
1983,0.20791197706760672
1984,0.17863802561744102
1985,0.2958939853669553
1986,0.4185568376649928
1987,0.3269709809693494
1988,0.5851966022483901
1989,0.6122668184644031
1990,0.32536604946652625
1991,0.6988273899730231
1992,0.5791491025553248
1993,0.343176148111474
1994,0.44728909459087884
1995,0.5045366684397796
1996,0.9594751502968932
1997,0.1218182953849373
1998,0.0671440283765557
1999,0.38323659278359523
2000,0.48886739620264585
2001,0.47915809508066
2002,0.4205582235143378
2003,0.22852231858252292
2004,0.4262346426270928
2005,0.45093173345175763
2006,0.2699654937998642
2007,0.20383398721112161
2008,0
2009,0.23203007185984278
2010,0.3296502356461714
2011,0.04901294391706271
2012,0.06392021025460518
2013,0.6469746611191227
2014,0.32236668549411907
2015,0.33056339327673684
2016,0.33415736139745367
2017,0.3674258998594645
2018,0.3017402120885153
2019,0.8060434094861653
2020,0.39133076026708413
2021,0.4016953556121606
2022,0.2404022725504304
2023,0.36760021056311554
2024,0.3969379260457342
2025,0.3302618204880597
2026,0.7054225068646939
2027,0.27046652037956637
2028,0.3236263159634511
2029,0.09370850676340572
2030,0.11374626628106399
2031,0.21988779255679516
2032,0.5191338353359995
2033,0.33974846726112906
2034,0.561849647459705
2035,0.41554670407776134
2036,0.750543242914265
2037,0.13610901129177713
2038,0.27744005649147924
2039,0.2801423097883619
2040,0.054092836731633176
2041,0.46159239825230164
2042,0.265904509592274
2043,0
2044,0.014441692805418738
2045,0.15212639736474598
2046,0.22330956820055145
2047,0.3429660196808055
2048,0.059069428674103974
2049,0.4559356208808202
2050,0.30880333705874535
2051,0.19370309290058968
2052,0.5243907128941132
2053,0.4936758273511206
2054,0.1876269663362516
2055,0.5438710994571132
2056,0.39846946057979293
2057,0.1070371833727834
2058,0.5216767838588408
2059,0.3367806895255847
2060,0.4211396471728829
2061,0.24434759307213486
2062,0
2063,0.08987416686870828
2064,0.2680860675547943
2065,0.6438716325950737
2066,0.41423205002528807
2067,0.6668852597750652
2068,0.3805579123960376
2069,0.6498457142778878
2070,0
2071,0
2072,0.3775149660805035
2073,0.5711419510898494
2074,0.42292169103321103
2075,0.5688671329837502
2076,0.5110729598888006
2077,0.4208507128712998
2078,0
2079,0.5061304761672568
2080,0.05873073010383276
2081,0
2082,0.33634563766891595
2083,0
2084,0.15624516389823132
2085,0.3274509483058216
2086,0.27189255568029397
2087,0.30597667341107226
2088,0.22015200885594732
2089,0.3549826329954549
2090,0.8952057147274814
2091,0.39660605624224154
2092,0.33466821959711224
2093,0.16912794668749992
2094,0.5317329332071963
2095,0.3402559078967617
2096,0.5804400765039414
2097,0.4961253376149316
2098,0.2765346190651422
2099,0.4067734927014793
2100,0.32387229973636533
2101,0.22372565231773567
2102,0.07328965158684558
2103,0.3031615662688929
2104,0.6749903952871315
2105,0.45066426252690395
2106,0.7560840182644172
2107,0.5059495237929716
2108,0.4331845938647767
2109,0.62540779376722
2110,0.21551997764642045
2111,0
2112,0.4010293660882073
2113,0.29950104200295113
2114,0.2162788288380204
2115,0.31310813067101284
2116,0.14281444972444535
2117,0.6477066530359769
2118,0.4047428109516723
2119,0.3977505618715018
2120,0
2121,0.5967002871062181
2122,0.6940745310766292
2123,0.799595157269159
2124,0.5086286608801348
2125,0.33815239041328987
2126,0.16466111133097805
2127,0.7186901598672852
2128,0.3227913854102454
2129,0.280824751058535
2130,0.3468948404588665
2131,0.17735349869379968
2132,0.5241885142240943
2133,0.3289479529634341
2134,0.17398500473585576
2135,0.37402767856092717
2136,0.41861198499462504
2137,0.39648711007765713
2138,0.5361557059701465
2139,0.44967175220645855
2140,0.061389629056468636
2141,0.12800258337915515
2142,0.07466165077468898
2143,0.3217621984220061
2144,0.06927477808698834
2145,0.3708035085454883
2146,0.2986759140104254
2147,0.253793047120682
2148,0.41434732956778647
2149,0
2150,0.20321984917060099
2151,0.1145800433991414
2152,0.4323212257244523
2153,0.12933462734573276
2154,0.1259467646542024
2155,0.13654804470870496
2156,0.16228449370797404
2157,0.555730472835466
2158,0.42710631209537153
2159,0.2717923121156326
2160,0.11127614434238148
2161,0.3638093688565875
2162,0.16303349316043975
2163,0.8254665399880077
2164,0.3853878775814559
2165,0.30930649340825495
2166,0.24909973809182795
2167,0.532568126201274
2168,0.13100008556408027
2169,0.6109663362580402
2170,0.2913125616582941
2171,0.4348439521353209
2172,0.7501965504640755
2173,0.4517010221932092
2174,0.3430879936105192
2175,0.9192626116986193
2176,0.5121022746525968
2177,0.33032195084546884
2178,0.4448712288138231
2179,0.14429938191081917
2180,0.2901499819346151
2181,0.4602380785055937
2182,0.4739498486135363
2183,0.7194978091355513
2184,0.23756115893628088
2185,0.22264736381526276
2186,0.14785368541318822
2187,0.5618790408820467
2188,0.4429792000970227
2189,0
2190,0.11252381917586349
2191,0.2535087650563673
2192,0.27946815142362963
2193,0.4350673294906795
2194,0.6230795148414467
2195,0.3720136981251122
2196,0.13869200428833747
2197,0.18352118699075443
2198,0.44092149864577423
2199,0.3191143379191034
2200,0.43950385305663275
2201,0.2826484229556589
2202,0.49090898771863073
2203,0
2204,0.28972708548600984
2205,0.5048660121201093
2206,0.365225356615356
2207,0.5696932172261497
2208,0.06325767727257217
2209,0.5041891671657308
2210,0
2211,0.396616665318073
2212,0.5040962618309426
2213,0.3504063586223697
2214,0.5956673302779547
2215,0.34173874521863273
2216,0.1330559513671166
2217,0.3124408327118343
2218,0.8611620346185851
2219,0
2220,0.4616403943113928
2221,0.8090711323941737
2222,0.5619791093655925
2223,0.3366715462420452
2224,0.2610072132477257
2225,0.38567909287030505
2226,0.48204621860825025
2227,0.4906961144105828
2228,0.11077654255108171
2229,0
2230,0.1342901556455503
2231,0.35905820755361584
2232,0.37553989530176524
2233,0
2234,0.29407480511792594
2235,0.5470871513344563
2236,0.3836300165124572
2237,0.4502468100426664
2238,0.7716330580174484
2239,0.18198758152253333
2240,0.21893077764310148
2241,0.4890400193777478
2242,0.23863340607249117
2243,0.47764650789646396
2244,0.46574395030442717
2245,0.648192025589288
2246,0.3662407769769287
2247,0.0472645966453705
2248,0.6575264645501981
2249,0.5896304938530615
2250,0.19913695420327482
2251,0.4799173288603693
2252,0.3023635793932141
2253,0.4311475334302922
2254,0.23598583571646894
2255,0.6068014743279226
2256,0.1710586586117501
2257,0.6165718805061196
2258,0.47341225391574965
2259,0.45512770285496373
2260,0.8367324211770271
2261,0
2262,0.5306334777975548
2263,0.4208883496224844
2264,0.28665595535059846
2265,0.9304540200784932
2266,0.06770884625980977
2267,0.30752168824127163
2268,0.27783228295331397
2269,0.26321083688998115
2270,0.27664809065855445
2271,0.08638574894429552
2272,0
2273,0.08281321374283324
2274,0.29747295096748105
2275,0.4115237936803863
2276,0.049239567338082824
2277,0.35039100683316465
2278,0.3933141361640927
2279,0.27586136635119707
2280,0.4928461873378789
2281,0.15986381189547982
2282,0.23687834145736086
2283,0.48989754466172253
2284,0.19096332425590212
2285,0.20110573848504876
2286,0.044112988139432124
2287,0.34135539182142044
2288,0.3154340837024248
2289,0.07063986838309333
2290,0.47242518473807765
2291,0.5761557125399668
2292,0.13153316231040255
2293,0.38808761148107596
2294,0.5963624783389669
2295,0.14152943516195865
2296,0
2297,0.07896851908054324
2298,0.4790461309440278
2299,0.33007719884760983
2300,0.3601137864100493
2301,0.1201670239786719
2302,0.022868304077555607
2303,0.23081528828117853
2304,0.32320815644100787
2305,0.43878355372661254
2306,0.31292232343716314
2307,0.11022385825532918
2308,0.0754260168869752
2309,0.1973123296842166
2310,0.8508058623642165
2311,0.9955724742165708
2312,0.03181477480308087
2313,0.1832248264439663
2314,0
2315,0.544491271386151
2316,0.326424548027288
2317,0
2318,0.19940821954768995
2319,0.4452263713361688
2320,0.4467654000797471
2321,0.4696259568967962
2322,0.8178964083416379
2323,0.31504096521226527
2324,0.28429238579285354
2325,0.5756183273684276
2326,0.10970161868904571
2327,0.43571777763646957
2328,0.5509147297030805
2329,0.11583280664431683
2330,0.1368202437661196
2331,0.5571172825245632
2332,0.33234500312439635
2333,0.05985651128354569
2334,0.42706620209499013
2335,0
2336,0.2635671804008558
2337,0.21503145426843792
2338,0.5441255469606335
2339,0.14195729872098567
2340,0.6538744207352387
2341,0.5019124230538571
2342,0.5354237115706113
2343,0.021313324905500308
2344,0.353022472051851
2345,0.32925419216324825
2346,0.7094383783655888
2347,0.6395208719681449
2348,0.23287267602496772
2349,0
2350,0.7831660810688912
2351,0.19171761015783562
2352,0.6278621833955557
2353,0.686729845842807
2354,0
2355,0.2830146321186928
2356,0.5777233437366425
2357,0.5054096401060845
2358,0.833432053042974
2359,0.1573639517773095
2360,0.6089071668897215
2361,0.4308084782438104
2362,0.2873577752368588
2363,0
2364,0.45967669221763907
2365,0.5669329992358855
2366,0.1733109253920125
2367,0.046229737452823993
2368,0.6553146194310027
2369,0.2538022959996756
2370,0.22366926065710774
2371,0.7489981231461483
2372,0.21904827524777076
2373,0.6715641833901655
2374,0.36179953987074764
2375,0.2865046779360044
2376,0.606853883369016
2377,0.25635834285110193
2378,0.2908079745093964
2379,0.5187837328570837
2380,0.46279937424586837
2381,0.39326533657441726
2382,0.13921933248684865
2383,0.6258226458160769
2384,0.3635245415824372
2385,0.19930715584635258
2386,0.390373042808393
2387,0.5520264536447529
2388,0.3999571348029737
2389,0.620488672533183
2390,0.735251263481071
2391,0.5708735337678892
2392,0.49281307390389845
2393,0.2964368139758443
2394,0.2910200651707067
2395,0.11050742352640472
2396,0.2912985160672088
2397,0.3090155439790374
2398,0.460798519129087
2399,0.4052264378013278
2400,0.5924501354409779
2401,0.11206177061445417
2402,0.5183644805815474
2403,0.1786802586076436
2404,0
2405,0
2406,0.4370468064798807
2407,0.21690203197349828
2408,0.8831178997307998
2409,0.49953858566725684
2410,0.8332068755337372
2411,0.24987823825677813
2412,0.23115467387842642
2413,0.2148334067408866
2414,0.4978024595386968
2415,0.4865720137183124
2416,0.19220730745535256
2417,0.3914481826947743
2418,0.5967645802193187
2419,0.13921499982541508
2420,0.0977101853533798
2421,0.3444458744161855
2422,0.20822513613488033
2423,0.25075790493184746
2424,0.7592524512932115
2425,0.20774118397226898
2426,0.5401921853977569
2427,0.5052585782715024
2428,0.12317630078182928
2429,0
2430,0.46996893810237145
2431,0
2432,0.3468835394125788
2433,0.474234347658424
2434,0.5730474402428096
2435,0
2436,0.0016658789873305047
2437,0.21521554150317146
2438,0.45305646315543424
2439,0.850968448808237
2440,0.6232913938552804
2441,0.4586227229585609
2442,0.46569276160284656
2443,0.16502771312109876
2444,0.5877695885275107
2445,0.10303462713565947
2446,0.44737921704247574
2447,0.3249848386627924
2448,0.732875126645694
2449,0
2450,0.3546106694114477
2451,0.3885396936336026
2452,0.1887496195291929
2453,0.3027243238507734
2454,0.3266808292021703
2455,0.32356762673934375
2456,0.3093628642339655
2457,0.22851076632197456
2458,0.18731726020483308
2459,0.3181267067211923
2460,0.15591390729168203
2461,0.25072419856326744
2462,0.24650911981092544
2463,0.39941881603787766
2464,0.22793739533255197
2465,0.24400266221383127
2466,0.3455930349373294
2467,0.2707770028012709
2468,0.7007481801701108
2469,0.17524814396909483
2470,0.35751885816578327
2471,0.22046358842494124
2472,0.6411277408146763
2473,0.8421266784750681
2474,0.07619930740109421
2475,0.5007795697925377
2476,0.22331950060786757
2477,0.3057312742554306
2478,0.08304016977491846
2479,0.48150596897592524
2480,0.0688637976018383
2481,0.42824147628717835
2482,0.7542072697449449
2483,0.44094290269473385
2484,0.5085121921021589
2485,0.3834839474440792
2486,0.3692701743307089
2487,0.5918151321091144
2488,0.2529868610836047
2489,0.36097297838176107
2490,0
2491,0.22648972901000541
2492,0.19833405088571632
2493,0.4342118050641711
2494,0.17987056244433988
2495,0.9125957991495419
2496,0.010913203712898445
2497,0.34641080240673305
2498,0.31903678192599727
2499,0.3879127540196265
2500,0.7826948735527695
2501,0.2606600042787304
2502,0.7801725670194769
2503,0
2504,0.19469586829329355
2505,0.11596670473543055
2506,0.683240439794778
2507,0
2508,0.0883620633656675
2509,0.2757947124603403
2510,0.6597102582939924
2511,0.2951275235563061
2512,0.1861156694227192
2513,0.44218414227428854
2514,0.36025751302773157
2515,0.25213021586373396
2516,0.472123711394393
2517,0.13864319614703635
2518,0.38289568505583704
2519,0.422982256790381
2520,0.8952756239914654
2521,0.58205983556822
2522,0.16955267736690344
2523,0.5637255558134588
2524,0.2522593530636932
2525,0.45212818578360714
2526,0.31033649688824266
2527,0.6568505270209758
2528,0.20674948241269497
2529,0.33440865865416364
2530,0.49633757861900696
2531,0.36835467187940363
2532,0.3852426299599101
2533,0.12257763820302112
2534,0.03792930960731955
2535,0.15563524014355284
2536,0.5418376898664845
2537,0.4135839007040478
2538,0.3424155592028628
2539,0.21729189669971874
2540,0
2541,0.3708098089348494
2542,0.5749456423447935
2543,0.5477334993115773
2544,0.07174923306924713
2545,0.30590518238671804
2546,0.40350132791007093
2547,0.12088282592937274
2548,0.431879007367998
2549,0.22033344384389214
2550,0.6762469957819013
2551,0
2552,0.7482517133243527
2553,0.6684559238558421
2554,0.0008251129875325725
2555,0.24369649442793417
2556,0.648863202042082
2557,0.24434412720858703
2558,0.26143201729913534
2559,0.1016354734529723
2560,0.13201606331360582
2561,0.3417195465122877
2562,0
2563,0
2564,0.3266303484597315
2565,0.05262481857732215
2566,0.7696582984922791
2567,0.538381787395309
2568,0.31132360648708757
2569,0.3924637248399474
2570,0.27275489465223934
2571,0.22058916830133612
2572,0.3463921200308456
2573,0.1784318785318845
2574,0.10632991580320783
2575,0.0944834881755105
2576,0.4039910053256116
2577,0.48272241078578626
2578,0.5204387556241216
2579,0.2762798058636401
2580,0.41472013798916707
2581,0.27397852538777834
2582,0.2137431306098584
2583,0.2213475437655003
2584,0.3597879397243988
2585,0.2805970713722881
2586,0.5103999819263945
2587,0.41954271123836506
2588,0.5245238459682987
2589,0.0979520104814795
2590,0.04452257387561445
2591,0
2592,0.2902920991820796
2593,0.1444024657424117
2594,0.42367371799283243
2595,0.0666574250371279
2596,0.6694573972611102
2597,0.5222517440253681
2598,0.35846377157907294
2599,0.10353315884287081
2600,0.45072334963776417
2601,0.20512076759349057
2602,0.18240133142155956
2603,0.3606054677564689
2604,0.37077708213386185
2605,0.64768663456045
2606,0.341711013543851
2607,0
2608,0.27851223954482107
2609,0.18507679525124876
2610,0
2611,0.3839912991563268
2612,0.5971033058568689
2613,0.608503026995243
2614,0.3068916246540059
2615,0.6717277842453755
2616,0.5112343533386288
2617,0.12869150363498985
2618,0.44320749523252423
2619,0
2620,0.2046662154230204
2621,0.18012770156321117
2622,0.4898327165970154
2623,0.22219071393340295
2624,0.5303504513696358
2625,0.131672831751917
2626,0.48826995536270523
2627,0.438052210121905
2628,0.5334959827609643
2629,0.4617128492745181
2630,0.8785445279009132
2631,0.3579522761497478
2632,0.2899007044200459
2633,0.2545014104885471
2634,0.4428249312099732
2635,0.4641020165409377
2636,0.5535699543267188
2637,0.19291430169247187
2638,0.27249063636709087
2639,0.20945250405307186
2640,0.3229490293054177
2641,0.6124345828977827
2642,0.7459427144464738
2643,0.4474323784712045
2644,0.6225001550507474
2645,0.23205981771963302
2646,0.2941767945320346
2647,0.028490312440158483
2648,0.3997807035641891
2649,0
2650,0
2651,0.44503518438313505
2652,0.9058415949798817
2653,0.03373728387825953
2654,0.4507147611577583
2655,0.5235029176313661
2656,0.41173280834594134
2657,0.16110434639744786
2658,0.4912358721437769
2659,0.1760895295528291
2660,0.32315351707385326
2661,0.6385332128929805
2662,0.448797948008468
2663,0.18099961915430382
2664,0.7421703097865677
2665,0.2767870842399575
2666,0.14177025735096915
2667,0.3500924460455786
2668,0.2270436980990688
2669,0.292049453458896
2670,0
2671,0.3657739003860611
2672,0.6035276782084984
2673,0.4260396631482366
2674,0.41805345248980363
2675,0.5720122229564841
2676,0
2677,0.24763238573975974
2678,0.5652795896323545
2679,0.25171005206737845
2680,0.17565046019266872
2681,0.13022426412280386
2682,0.500011063322536
2683,0.41016915470413756
2684,0.41092102476453146
2685,0.9842143193388926
2686,0.19249499532010678
2687,0.3449913193769127
2688,0.0019949209321079575
2689,0.03539369115394911
2690,0.38676019139210494
2691,0.1058336573505115
2692,0.34390182196333813
2693,0.6230297736779733
2694,0.33888573716183945
2695,0.5387607648738134
2696,0.004057137687031975
2697,0.647738333242852
2698,0
2699,0.1429276420909768
2700,0.43527501030389204
2701,0.5202791481935531
2702,0.15485948196115126
2703,0.2064398189147013
2704,0.38804559540714295
2705,0.12002903397315262
2706,0.5853278971292897
2707,0.17068431912663037
2708,0.1729119205282889
2709,0.23903159141246386
2710,0.5893993518769889
2711,0.08900747837898276
2712,0.33493648626750105
2713,0.45935637307510024
2714,0.49854985679905794
2715,0.48663910630402996
2716,0.5773315704771984
2717,0.006548925931632976
2718,0.17015455115384098
2719,0.3297255831603817
2720,0.9323091908277367
2721,0.19249829084783604
2722,0
2723,0.9036187509733156
2724,0.513515316652216
2725,0.11854600783028847
2726,0.22870196457077657
2727,0.3121241951446606
2728,0.6936283055040887
2729,0.478848386912612
2730,0.3974745907710757
2731,0.044283977403925256
2732,0.017715899061684692
2733,0.49821766804062567
2734,0
2735,0.6276038480428177
2736,0.3049526455459068
2737,0.3059402353202696
2738,0.19009200794779052
2739,0.13608309075219588
2740,0.23352876535966993
2741,0.38492968952239115
2742,0
2743,0.38350858375372615
2744,0.05028158027049617
2745,0.023892594196269323
2746,0.026288132141214948
2747,0.5368880898942019
2748,0.3646494496905849
2749,0.1342070762815794
2750,0.2204243571544069
2751,0.4141180380569939
2752,0.6999279132767453
2753,0.16777157139158091
2754,0.6088338841158681
2755,0.31357706373199773
2756,0.5656947633113176
2757,0.2674134805494609
2758,0.3079425558422523
2759,0.3498799959547017
2760,0.27789945855919007
2761,0.24185904725243626
2762,0.2035656261680108
2763,0.6082594881147615
2764,0.3477314571653562
2765,0.07502759873201575
2766,0.28021275209164564
2767,0.4943901675290039
2768,0.8536739671778011
2769,0.3302702910420719
2770,0.2423285111098004
2771,0.017971303777942926
2772,0.14991026512879735
2773,0.6043190681197027
2774,0.5393003795978999
2775,0.7737882899070485
2776,0.22571500633748687
2777,0.7280037508204406
2778,0.4218448778116062
2779,0.25433793849238606
2780,0.3739249471523545
2781,0.8339725808536206
2782,0.6392342982196565
2783,0.4420568879200385
2784,0
2785,0.26931885938782113
2786,0.1530937702152775
2787,0.4352253470262265
2788,0.5416067535764157
2789,0.5416056781709462
2790,0
2791,0.33322865862223033
2792,0.24000796902395158
2793,0.463075386937882
2794,0
2795,0.6529525055996004
2796,0.3776670481307111
2797,0.3736493809600385
2798,0.3149898671468099
2799,0.4716880934004338
2800,0.46446542949995157
2801,0
2802,0.2717877354220573
2803,0.3421056465050503
2804,0.24695229322915635
2805,0.050765815578395906
2806,0.015093116175002363
2807,0.7051778858365719
2808,0.1305472185203072
2809,0.07571166619633668
2810,0.9072110158088542
2811,0.4901762334732802
2812,0.319810693715259
2813,0.25092245980294475
2814,0.2517489950425569
2815,0.18908175582526518
2816,0.23362251752919594
2817,0.12144344024204601
2818,0.270397142736697
2819,0.006969827237496146
2820,0.21747786220980614
2821,0
2822,0.46509695543085183
2823,0.23239015573932054
2824,0.050074090283706574
2825,0
2826,0.5502759070053007
2827,0.20156332309113756
2828,0
2829,0.5789244563783357
2830,0.4046524571160076
2831,0.03786833086928226
2832,0.32964132449583883
2833,0.15107144225724875
2834,0.09495614492921559
2835,0.2185396794300294
2836,0.5135893835122737
2837,0.4340459580542797
2838,0.19402959963998348
2839,0.6221132555430482
2840,0.4105457065830945
2841,0.38772076267838085
2842,0.5175237598373894
2843,0
2844,0.09019427431137783
2845,0.4616651150266883
2846,0.7071644092462069
2847,0.7149820736797152
2848,0.3546137535793898
2849,0.26304003568547657
2850,0.2360831999734407
2851,0.21827932664770539
2852,0.3461670961369811
2853,0.2742886838011733
2854,0.27579794455431644
2855,0.06862332061347048
2856,0.060681433006051166
2857,0.6444460096897254
2858,0.28298777073628906
2859,0
2860,0.3168733068760078
2861,0.26499137624230457
2862,0.15628837182378152
2863,0.26794553528924075
2864,0.40563918980505453
2865,0.2590232926268422
2866,0.4859977848756023
2867,0.3012464960094888
2868,0.17740696630985853
2869,0.1842276282507755
2870,0.3216118002505373
2871,0.5700952911425037
2872,0.20757601084276422
2873,0.32779971054131496
2874,0.3285305746262861
2875,0.23528322956850434
2876,0.0671010819720465
2877,0.38102298062884676
2878,0.0802657023748922
2879,0.3301400885662054
2880,0.6550315107449112
2881,0.32001722617955397
2882,0.21207488850106782
2883,0.172902287764621
2884,0
2885,0.667496499111128
2886,0.655567760965805
2887,0.3581620759563208
2888,0.1952723294919692
2889,0.4077561119709737
2890,0.597641391559756
2891,0.21838806028984553
2892,0.2496202315401178
2893,0.07911704747016146
2894,0.28854223378107785
2895,0.40149790263524293
2896,0.6101103033807259
2897,0.35071095592045104
2898,0.08487031081584473
2899,0.5962080232113768
2900,0.2772638811681803
2901,0.7008435514770824
2902,0.2914302316200972
2903,0.24192561845578975
2904,0.1402515480439587
2905,0.09306120743083543
2906,0.022893356295873968
2907,0.6573796840106038
2908,0.4106303866133153
2909,0.22907688337176396
2910,0.2710075319802464
2911,0.17601810135918983
2912,0.5685709465532325
2913,0.3010020129842154
2914,0.18669744824551882
2915,0.43754253050577374
2916,0.21606412545908774
2917,0.21883880534053693
2918,0.296668816281783
2919,0.43090346620867037
2920,0.32459262002418404
2921,0
2922,0.3291613888134705
2923,0.19532569684093593
2924,0.06939352649056019
2925,0.24975657102259113
2926,0.040283922507958425
2927,0.25560626456542346
2928,0.2730443690071075
2929,0.4098511427623723
2930,0.4582384925514998
2931,0.28546910279650906
2932,0.6992282697587668
2933,0.13612781023492831
2934,0.35690755327914214
2935,0.6326219314825174
2936,0.39637203290760104
2937,0.2620439692227965
2938,0
2939,1
2940,0.620422059008241
2941,0.3685635978398484
2942,0.09269357075138995
2943,0.31937879184519674
2944,0.32539323050276275
2945,0.2526819168201844
2946,0.5851820262384679
2947,0.7400450613499511
2948,0.08718503259364693
2949,0.7649544983425596
2950,0.16937213494401282
2951,0.1975640254571799
2952,0.4831923607777503
2953,0.024588676180296087
2954,0.25514400387263797
2955,0.5534939854407075
2956,0.40522944858868204
2957,0.5065591033614305
2958,0.4197311931876375
2959,0.7217989207421438
2960,0
2961,0.18813122233757576
2962,0.05650555173881677
2963,0.5960860564585828
2964,0.3947845772521824
2965,0.22216024266235834
2966,0.6597071840075411
2967,0.11995402508110553
2968,0.47373870430339166
2969,0.4921730897481485
2970,0.24457794115052517
2971,0.249852610091527
2972,0
2973,0.21617690509356965
2974,0.6894729537443036
2975,0.5254813243967257
2976,0.5256185268652973
2977,0.6675194917583789
2978,0.5396674888268903
2979,0.7998654519232181
2980,0.19623906755062043
2981,0.5222906719148128
2982,0.3420893231738688
2983,0.19463132986259046
2984,0.5751249248692127
2985,0.57298017929046
2986,0.2292321418327123
2987,0.23834714207534938
2988,0.22344990991106517
2989,0.15232302868919276
2990,0.58823091912713
2991,0.30005748615565003
2992,0.10155571663034131
2993,0.21447453044676015
2994,0.412492775798568
2995,0.390246088758473
2996,0.17959202107671407
2997,0.11073255039854421
2998,0.2817198092155929
2999,0.5996995174429927
3000,0.4201754456634892
3001,0.527557715352413
3002,0.30416049158545033
3003,0
3004,0.28749023948947255
3005,0.30384405752420846
3006,0.2633152914930499
3007,0.038018367352088356
3008,0.5118403112308652
3009,0.37101945698729416
3010,0.3459741825649951
3011,0.6412219139172797
3012,0.05549113868519334
3013,0.46774069658799194
3014,0.3579670452717775
3015,0.48831036342794865
3016,0.4806646198326375
3017,0.3524988446303262
3018,0.19877295231381054
3019,0.3345743920081074
3020,0.3427758070340714
3021,0.4675857092374933
3022,0.31291674022190025
3023,0.16558939163042774
3024,0.3004305357712221
3025,0.21534883728875023
3026,0.21268129711430242
3027,0.15807898139955998
3028,0.5080228012021725
3029,0.3745310081331946
3030,0.33850527260036345
3031,0.6855615065832028
3032,0.45637435037333474
3033,0.582406617218336
3034,0.32912859903919905
3035,0.36218597682352555
3036,0.5362450970308935
3037,0.249209429384295
3038,0.24851351037364816
3039,0.22436584673656357
3040,0.8244724798583408
3041,0
3042,0.6361889523188503
3043,0.5412458092729838
3044,0.4711908828710475
3045,0.10017411698870379
3046,0.5131345112218475
3047,0.1989916086776658
3048,0.2895667179075727
3049,0.13900245882692944
3050,0.3388900092648887
3051,0.1911555506582101
3052,0.29570703133419424
3053,0.38597287845893447
3054,0.15301181010964157
3055,0.47088187085274236
3056,0.09448681052552793
3057,0.12000952381400666
3058,0.9274695635292656
3059,0.6101571019662643
3060,0.3790895272505821
3061,0.3000493473559468
3062,0.053741377872801144
3063,0.42524914955655
3064,0.6549994927240688
3065,0
3066,0.6019901664644204
3067,0
3068,0.12748426875275837
3069,0.4953472889880394
3070,0.23961066907404888
3071,0.8316578432333763
3072,0
3073,0.19444809369108212
3074,0.3239865428272457
3075,0.0690509967763962
3076,0.42127101921986543
3077,0.36040330128226433
3078,0.566669539718338
3079,0.1931010240735911
3080,0.21850651704915108
3081,0.1919449286247736
3082,0.46479647009341474
3083,0.19880303707009284
3084,0.7105142191611831
3085,0.12469697372326174
3086,0.0759687498567139
3087,0.3076736379769916
3088,0.26883246759672735
3089,0.14443135332183682
3090,0.6029473696761871
3091,0.20477184550157324
3092,0.45424687597098334
3093,0.06466577915902412
3094,0.09407200665860074
3095,0.3528686802003996
3096,0.20971338309879972
3097,0
3098,0.4375626139823598
3099,0.28230251819668045
3100,0.08276189456416061
3101,0.39951527799664033
3102,0.1319722071421306
3103,0.3918492800680167
3104,0.5930853603633581
3105,0.24223577817638245
3106,0.03737201642688054
3107,0.2671298074174531
3108,0.07583164474064868
3109,0.07857535978683472
3110,0.22758167974674934
3111,0
3112,0.39032924525710627
3113,0.16859411885613299
3114,0.33849141694431417
3115,0.366405239875981
3116,0.030691232461694556
3117,0.26957230817251276
3118,0.33868924529389444
3119,0.5145911745741842
3120,0.3974614028814676
3121,0.08661584281809484
3122,0.1640356659876367
3123,0.19218153588479545
3124,0.0513844774016326
3125,0
3126,0.2983712735299621
3127,0.8891232527716013
3128,0.3467551606043959
3129,0.21130866650295124
3130,0.20475808803969936
3131,0.29989939176827574
3132,0.3225611080294579
3133,0.02970645162670149
3134,0.3955712801065959
3135,0.05804633035099918
3136,0.36001842847600574
3137,0.2909614112939893
3138,0.393797461297142
3139,0.19238776345604994
3140,0.1503228054530029
3141,0.49257775930195197
3142,0.5528194563299351
3143,0.37253688736536184
3144,0.31135638252894354
3145,0.24925399177491406
3146,0
3147,0.15595275875638132
3148,0.06611433690540791
3149,0.3387652449688231
3150,0.2823560496020976
3151,0.8506147299411065
3152,0.21226269161995365
3153,0.272040091602767
3154,0.177680081669887
3155,0.4851519829689279
3156,0.4797974622438956
3157,0.47824965856376855
3158,0
3159,0.4979929515622457
3160,0.323609036186035
3161,0.10862689951422377
3162,0.15722713776145653
3163,0.8003196817803455
3164,0
3165,0.1202337830785491
3166,0.38857624312386785
3167,0.028388794779614257
3168,0.2934475513549513
3169,0.49612563086776684
3170,0.11832028493116925
3171,0.26665224559847844
3172,0.33303008972281395
3173,0.3995870939778949
3174,0.05934142075286575
3175,0.29363115463943895
3176,0.5155214960051896
3177,0.16015749969113144
3178,0
3179,0.7937827516668354
3180,0.7340780407007914
3181,0.381855884503315
3182,0.025047180795921553
3183,0.09836005735332518
3184,0.4969923872190253
3185,0.6247856267028518
3186,0.20905237221501416
3187,0.43991296155101856
3188,0.46082599600717156
3189,0.31199861915300336
3190,0.3031017639954335
3191,0.36909232526185987
3192,0.19694313801597046
3193,0.021026891392023628
3194,0.538077780874635
3195,0.14712250247319175
3196,0.4652644210704514
3197,0.310416897224732
3198,0.6149844913719288
3199,0.07994220263699589
3200,0.33739320049662014
3201,0.38910292105757166
3202,0
3203,0.21132690259210077
3204,0.4354235982830009
3205,0.4558314915421771
3206,0.24976342372775437
3207,0.5769934221111122
3208,0
3209,0.1421206794103866
3210,0.29207377332514445
3211,0.1133188256619854
3212,0.38562876288812103
3213,0.16632616421208232
3214,0.3084540651754852
3215,0.023847009808845715
3216,0.3579513201641042
3217,0.3052499855296379
3218,0.2963815037550802
3219,0.1486377062364126
3220,0.19271064481045347
3221,0.4365424133439674
3222,0.5498079513281756
3223,0.581437676527077
3224,0.21145565973484787
3225,0.32446524693510737
3226,0.3142667324929332
3227,0.4173865465295066
3228,0.48277891134867545
3229,0.3056015659968191
3230,0.26499023108710057
3231,0
3232,0.10014329252213325
3233,0.3456852699949933
3234,0.3371478421679526
3235,0.6794232271133572
3236,0.42001827708986494
3237,0.48416674430021034
3238,0.038001975088536644
3239,0.49481430864885856
3240,0.36785955054291297
3241,0.5861166397086952
3242,0.7678896828429721
3243,0.23416304954214584
3244,0.49068795453783765
3245,0.339760057064835
3246,0.40005461934393804
3247,0.39922550715603744
3248,0.00041824679538851606
3249,0.28687116218145536
3250,0.3819564896037427
3251,0.41185208907002335
3252,0.5773658274557305
3253,0.5249651209318106
3254,0.5818688323410427
3255,0.3578206978858044
3256,0
3257,0.15685286222117734
3258,0.3098861595199933
3259,0.25821771244817643
3260,0.2973321937808247
3261,0.19752694508033555
3262,0.6690757865194119
3263,0.17017347129680047
3264,0.5092468313026892
3265,0.4383437623798481
3266,0.17301195577259476
3267,0.056899523510798355
3268,0.7360584733962318
3269,0.4127753110674559
3270,0
3271,0.4792353983817501
3272,0.32132563322984986
3273,0.2995240690798809
3274,0.424000484213538
3275,0.1800899311341677
3276,0.5112126380138698
3277,0.6911307641319187
3278,0
3279,0.45265508121884346
3280,0.46764774040910734
3281,0.4579523488800664
3282,0.522810631229482
3283,0.5447871974880167
3284,0.4641161766878965
3285,0.29679299702935036
3286,0.5877852289497285
3287,0
3288,0
3289,0.03442056468087196
3290,0.5583581739468053
3291,0.21220537960328417
3292,0.16383006101889092
3293,0
3294,0.5168617089033729
3295,0.43768662538178676
3296,0.3227541158557819
3297,0.6232699528638924
3298,0.32971521610279036
3299,0.442990817685495
3300,0.16114142264018316
3301,0.3415411835391792
3302,0.7066685049465332
3303,0.38488973190637044
3304,0.3203476309052787
3305,0.3120106762986973
3306,0.15728529345382047
3307,0.3357301018084671
3308,0.6363358145885529
3309,0
3310,0.17042779499021582
3311,0.5472715490706141
3312,0.17333710651768788
3313,0.3623621585797481
3314,0.39851532285341784
3315,0.32391894952079436
3316,0.5931147733654448
3317,0.28420632223682546
3318,0.2880259000278744
3319,0.2548623871068759
3320,0.7474788234361455
3321,0.1368615364021307
3322,0.24734834513778797
3323,0.1451451155298909
3324,0.27886758906974846
3325,0.36980184327478594
3326,0.33560764404251014
3327,0.5738869565280754
3328,0.16852355887760043
3329,0.7031284944326939
3330,0.12516581797476506
3331,0.09486761502724689
3332,0.4437533022100932
3333,0.41302265563831486
3334,0.1702808611380114
3335,0.28795784909155187
3336,0.2752996596543288
3337,0.3986820942112571
3338,0.11285587781434755
3339,0.0010159836908499864
3340,0.5891957044496974
3341,0.4739951799225269
3342,0.15332861415203525
3343,0.23479648613715023
3344,0.24445885238905163
3345,0.21562040527557985
3346,0.18329923188482383
3347,0.7768007683319932
3348,0.35901047855303425
3349,0.29923506766570834
3350,0.3008522049801493
3351,0.19360113945106522
3352,0.3394741985598986
3353,0.5308042326300986
3354,0.23895925774421084
3355,0.4879176300775046
3356,0.4591910622223841
3357,0.12141665197693008
3358,0.32380575272973766
3359,0.28738467721101196
3360,0.1183176256399242
3361,0.7353693403504703
3362,0.30646556174641415
3363,0.3248238734136319
3364,0.6989120647148508
3365,0
3366,0.29863026800928255
3367,0.27686920132387416
3368,0.16837989120179497
3369,0.03221869766497215
3370,0.1528489445637587
3371,0
3372,0.3421845521537451
3373,0.5591491885819244
3374,0.31322560791989396
3375,0.4339964167586311
3376,0.7234443496509091
3377,0.6828195478789043
3378,0.36872991079518447
3379,0.5398535488825078
3380,0.38511046153614736
3381,0.15134819396936433
3382,0.41480291280528603
3383,0.061678072340023066
3384,0.03862935103089532
3385,0
3386,0.7887639604847996
3387,0.4775287779552835
3388,0.134815586804562
3389,0.7199801842310276
3390,0.18664175326398766
3391,0.45209488093418504
3392,0.1781944722306317
3393,0.09120917848122448
3394,0.37183355999226153
3395,0.3634485374159746
3396,0.2847047004267862
3397,0.3069660390423109
3398,0.5146924080208914
3399,0.5413204724801239
3400,0.5703681490420862
3401,0.07595128631685283
3402,0.37678116994161714
3403,0.6511380189078897
3404,0.30954533986673183
3405,0.1451298228687229
3406,0.11112791846483894
3407,0.3160302685913751
3408,0.2793137639280896
3409,0.3906342828377196
3410,0.095559500207929
3411,0.6327738474560758
3412,0.7380021440529052
3413,0.1852055607196574
3414,0.8466935769177654
3415,0.20963762606069497
3416,0.6726653969344873
3417,0.4441402485448511
3418,0.14588662352752735
3419,0.5682670279077962
3420,0.57947577827316
3421,0.4294635461772782
3422,0.4691838463615532
3423,0.14038344850093173
3424,0.6029626818095002
3425,0.12267453458982219
3426,0.5626379613979546
3427,0.5073639473149124
3428,0.0046561557390476516
3429,0.6173399982094796
3430,0.19672683900715643
3431,0.33123047503667946
3432,0.5864669078771543
3433,0.19237863529541419
3434,0.5341388893425749
3435,0.3046520109292491
3436,0.3602882208943359
3437,0.45435135639234137
3438,0.10235473599537218
3439,0.39851145856906633
3440,0.14093504425282777
3441,0.5652900183524306
3442,0.69200893121517
3443,0.638177028733422
3444,0.25493680525277035
3445,0.448404767848495
3446,0.2667153320343046
3447,0.18006630586251987
3448,0.1916941270060109
3449,0.00270023682335524
3450,0.26076081918594823
3451,0.1945141082535659
3452,0.30493035446384636
3453,0.6095952909466037
3454,0.09656377674249161
3455,0.5130708537916554
3456,0.23546019495267176
3457,0.2536856126276395
3458,0.4948689118015731
3459,0.14437273715208548
3460,0.15104574430621387
3461,0.08411419336220877
3462,0.08968767266826722
3463,0.38218994394962313
3464,0.15418540342458825
3465,0.11220541238461215
3466,0.1328434458366171
3467,0.3121826316327713
3468,0
3469,0.3699343118341454
3470,0.010485440963973025
3471,0.610687618283415
3472,0.20394313375727294
3473,0.13629429599403703
3474,0.11772802789546288
3475,0.19599928497080998
3476,0.4195406603823193
3477,0.39735549550043986
3478,0
3479,0.3409324947571116
3480,0.2409934474829581
3481,0
3482,0.05599914826430824
3483,0.11037301296628493
3484,0.09669086515523373
3485,0.48462234619148625
3486,0.15609272565004367
3487,0.5673837267010235
3488,0.15406711287537675
3489,0.6051656590263541
3490,0.06987709442192905
3491,0.17343490347073345
3492,0.23716698312804002
3493,0.18259233833389316
3494,0.13685129813335956
3495,0.5499531411237286
3496,0.636141902352044
3497,0.4447331207747561
3498,0.23357877399614443
3499,0.3848865302807136
3500,0.3417921925273232
3501,0.30851755552414606
3502,0.08353489480930587
3503,0.541537650980523
3504,0.5848221872783854
3505,0.291520046571813
3506,0.7408810667446367
3507,0.3663019483626767
3508,0.3702599431288895
3509,0.4933019757441413
3510,0.38477657188467446
3511,0.8807059977518594
3512,0.2337699579137155
3513,0.2535984732144549
3514,0.6069924594713881
3515,0.35707089323343516
3516,0
3517,0.20540660277364445
3518,0
3519,0.4439622216718044
3520,0.3344677111932825
3521,0.32946968446218394
3522,0.6681695962308491
3523,0.2585344563851473
3524,0.4458675687164161
3525,0.33622470849893904
3526,0
3527,0.42783646847937773
3528,0.05774029350023238
3529,0.23610251912753738
3530,0.3064760476449112
3531,0.33687235411506133
3532,0.3771229944892676
3533,0.40975143165573186
3534,0
3535,0.3298099361388297
3536,0.4377006546850213
3537,0.10733569805692958
3538,0.2375470481739144
3539,0.2915300436133674
3540,0.46322579710534323
3541,0.4759693689731631
3542,0
3543,0.3918729319375741
3544,0.09369592959508616
3545,0.7289715409940059
3546,0.23781088435166833
3547,0.22518325292237903
3548,0.07756932187390081
3549,0.434239225142838
3550,0.7054469592198402
3551,0.4505841872284096
3552,0.21020432833069283
3553,0.4938755244128005
3554,0.3673755330502561
3555,0.298549134197949
3556,0.306441414659897
3557,0.5307114017263762
3558,0.42813983342831274
3559,0.6616905328942992
3560,0.021361661446934688
3561,0.5534323743377153
3562,0.4187984492827344
3563,0.4886491247104613
3564,0.4375398977419309
3565,0.5460504354046268
3566,0.44371293453249405
3567,0.7443671284493332
3568,0.3571467566113013
3569,0.5474580374343492
3570,0.5595059572241228
3571,0
3572,0.41952297766620184
3573,0.07404345044667582
3574,0.5455685410382082
3575,0.42481813397836715
3576,0
3577,0.3861424803225587
3578,0.5686314289290301
3579,0.5560647167047569
3580,0.40890950328335196
3581,0.062461153350332366
3582,0.331925800450054
3583,0.4019897414257786
3584,0.06512073141675742
3585,0.41858701788761776
3586,0.23529800733227832
3587,0.3567595880294959
3588,0.4404037800646075
3589,0.2679477805702305
3590,0.4347445727282989
3591,0.69052395932985
3592,0.4021144776522683
3593,0.5169843627133703
3594,0.3802786558114488
3595,0.17643234128383153
3596,0.2449197618035426
3597,0
3598,0.09759661042551906
3599,0.4582600061443424
3600,0.43498821099891427
3601,0.5132652300802962
3602,0.43265688212298536
3603,0.4636757277167116
3604,0.45392856607973286
3605,0
3606,0.6234759056685748
3607,0.6225945628671434
3608,0.7148579152939188
3609,0.4098699201403371
3610,0.9115773667422208
3611,0.5952199454892966
3612,0.4729899593865603
3613,0.3811241837821075
3614,0.38607482877445765
3615,0.3028773641785012
3616,0.3927467650240308
3617,0.03341214529600062
3618,0.5207235206114234
3619,0.34779749773461244
3620,0.10482593095082357
3621,0.056996338729326024
3622,0.2634030701473924
3623,0.5492316423156198
3624,0.24993184505267504
3625,0.5152668564287524
3626,0
3627,0.24918444777330914
3628,0.1105807800223571
3629,0.18821590550774148
3630,0.3848429466154087
3631,0.45669348646557845
3632,0.3770398767125098
3633,0.4871645083908619
3634,0.09014907892154428
3635,0
3636,0.7131042242771578
3637,0.30664413654419675
3638,0.08240429717134534
3639,0
3640,0.22332215727579646
3641,0
3642,0.134717506172148
3643,0.4445500222431166
3644,0.5892191102294907
3645,0.5787673113996619
3646,0
3647,0.1813956757357092
3648,0
3649,0.3640942937798227
3650,0.07293713161473797
3651,0.4468507714918135
3652,0.5011857538316009
3653,0.2307530809303806
3654,0.6088979504785227
3655,0.4644166300529462
3656,0.277580167360282
3657,0.4270125140468836
3658,0.2803865182993201
3659,0.33560890456263415
3660,0.10235243982921133
3661,0.32322617841964546
3662,0.3838077317176109
3663,0.5891075117417339
3664,0.1904256607461497
3665,0.409309209414379
3666,0.28334163987228317
3667,0
3668,0.3659973698941688
3669,0.5257274253581613
3670,0.5348756902927643
3671,0.364100088490116
3672,0.6605738286221037
3673,0.47036910000101567
3674,0.25792698559313953
3675,0.39990733811406737
3676,0.16363617528620406
3677,0.1759430598934998
3678,0.3137695923974741
3679,0.3272702601851746
3680,0.5371333513090806
3681,0.3277388227651591
3682,0.23499113686384035
3683,0.31372945327946467
3684,0.6431668756432511
3685,0.3027112310091034
3686,0.29815076513109495
3687,0.35290556646076865
3688,0
3689,0.27402364494643233
3690,0.1871688928257746
3691,0.5088139433611767
3692,0.286005714162666
3693,0.5060401146577904
3694,0.3823126626058334
3695,0.27604783008801725
3696,0.18596161263446243
3697,0.40577796403942534
3698,0.361411874987125
3699,0.42046145497231263
3700,0.3927688186391864
3701,0.3690900380698636
3702,0.05976909814109427
3703,0.2684477623916011
3704,0.489031917787882
3705,0.01085098642767618
3706,0.1845560049356281
3707,0.4349578072572068
3708,0.33293917676051193
3709,0.4724854777795356
3710,0.4223568927645147
3711,0.0020020723237897387
3712,0.5920656796819899
3713,0.4813322356240055
3714,0.6055650134750642
3715,0.3185648834712798
3716,0.24892227188291577
3717,0.19817607377549196
3718,0.28761042465875264
3719,0.5551019621462255
3720,0.523705995716861
3721,0.28878576861918637
3722,0.34961972481119974
3723,0.07790493219554914
3724,0.335536767573314
3725,0.5620257419619219
3726,0.3697865463582317
3727,0.5718809484312602
3728,0.28240987231138814
3729,0.049022220138518424
3730,0.5925439990945185
3731,0.022041035473442633
3732,0.15733165629878898
3733,0.6136446368006853
3734,0.35698480405036104
3735,0.3169475363490894
3736,0.31438935966379944
3737,0.01853397422148162
3738,0.5238374601063527
3739,0.4422748220429463
3740,0.17235161473329808
3741,0.32147006561367275
3742,0.5900084153899054
3743,0.36745867146242817
3744,0.20867300511871129
3745,0.5731250107001893
3746,0.811830643157852
3747,0.0673731818261662
3748,0.6503266090288897
3749,0.655563114804931
3750,0.3500057957010656
3751,0.2724897573419208
3752,0.689908071507774
3753,0.3541034598319027
3754,0.5898347870744819
3755,0.5396052377111773
3756,0.45452536525878096
3757,0.1764852079879271
3758,0.1649621274737099
3759,0.2227310762077634
3760,0.4002786590398872
3761,0.6954024621336607
3762,0.3186631103009356
3763,0.5646349706609646
3764,0.2975700013413973
3765,0.5118273947499086
3766,0.30083292622045377
3767,0.42429144633187266
3768,0.4823474564435999
3769,0.4807381984158161
3770,0.14713630375776468
3771,0.2740946740834951
3772,0.21256961736899155
3773,0.4894043565038997
3774,0.5022107694319792
3775,0.4198340225337803
3776,0.10676631576133803
3777,0.7421800597653825
3778,0.5612919533662845
3779,0.459791285817884
3780,0.02046035503783472
3781,0.3221631707389828
3782,0.12069968888360849
3783,0.3419277182599533
3784,0.16903603197917677
3785,0.4883358508996213
3786,0.06452022954893366
3787,0.49308640858549047
3788,0.06068299610606864
3789,0.17709985457073932
3790,0.4856174143560092
3791,0.14804784161392434
3792,0.2973432899438154
3793,0.2712316586068062
3794,0.16040804883610846
3795,0.33877396792668885
3796,0.496204289143345
3797,0.5257525414103514
3798,0
3799,0.2175118349323944
3800,0.18328796917360904
3801,0.23570463001463487
3802,0.518404440959303
3803,0.37553476316644996
3804,0.505805497324118
3805,0.3077545942491175
3806,0.391033264028931
3807,0.36304182685451025
3808,0
3809,0.35084605880824526
3810,0.15051126809176307
3811,0.5372580459961758
3812,0.44578351957585616
3813,0.34085937590206306
3814,0.4791246869405992
3815,0.4696828591367175
3816,0.11971317039382987
3817,0.13885846569890475
3818,0.3408663986094353
3819,0.39712917379187496
3820,0.4179960071606937
3821,0.3141694122771247
3822,0.6230699141019674
3823,0.4906496697093392
3824,0.8680743573710252
3825,0.5372730403003955
3826,0.4342030811483497
3827,0.4057406250684459
3828,0.32202577120285164
3829,0.26920738610220707
3830,0.4455113116615318
3831,0.3141122046004864
3832,0.18032741288822957
3833,0.4835244080636423
3834,0.3703958763122299
3835,0.6355080550179621
3836,0.5068655223071079
3837,0
3838,0
3839,0.31277181435392454
3840,0.22238800359104602
3841,0.33113960730086284
3842,0.21756062313918856
3843,0.3750162140646937
3844,0.5388149273066936
3845,0.05185623312488527
3846,0.6180893465384235
3847,0.7078730516006477
3848,0.5886297592263318
3849,0.4294798601392317
3850,0.7885175672968557
3851,0.231912371374947
3852,0.5493232592451582
3853,0.44468647830359564
3854,0.45222312632987993
3855,0.47346889600122194
3856,0.23360773575145774
3857,0.2524931476848438
3858,0.25331827961897857
3859,0
3860,0.6182004858807646
3861,0.39302111430851006
3862,0.4163862442007707
3863,0.48872059793149936
3864,0.56689678177818
3865,0.33537862181923117
3866,0.22817895252605505
3867,0.3449655154944592
3868,0.2632846703174661
3869,0.2511876268319486
3870,0
3871,0.45456038971022966
3872,0.20828004455846028
3873,0.2465825167140931
3874,0.6506645693015718
3875,0.16758959494418862
3876,0.19839940531872952
3877,0.5440181813289227
3878,0.5882885105596662
3879,0.4310048372181769
3880,0.536983033342408
3881,0.612092934900796
3882,0.24236832857256624
3883,0.5571817213289002
3884,0.29556722641842836
3885,0.2824264575993642
3886,0.37188060255101774
3887,0.4732597537563891
3888,0.50179280403301
3889,0.16479361574086657
3890,0.41416126553083366
3891,0.3217604040083847
3892,0.40616652955065063
3893,0.5787941116964683
3894,0.4343777545706804
3895,0.7530632022919754
3896,0.3246076647224373
3897,0.34054556794311325
3898,0.31589451990564327
3899,0.3169748308075158
3900,0.2676528200110134
3901,0.368592850742686
3902,0.549527130180383
3903,0.23760925576941766
3904,0
3905,0.07250854458301689
3906,0.3620657314736385
3907,0.2271363437887181
3908,0.3687432812714798
3909,0.5645812384617879
3910,0.6537938538922622
3911,0.4679677773693814
3912,0.3090763283827037
3913,0
3914,0.18137726220297776
3915,0.6339729972459853
3916,0.49240629200781116
3917,0.5677168462735134
3918,0.12651104392712578
3919,0.4332384953636499
3920,0.49498758699295126
3921,0.40804060185142577
3922,0.11147807191202211
3923,0.6776486664022368
3924,0.31853818560462077
3925,0.5415623044379536
3926,0
3927,0.34692219890566134
3928,0.48599819877914996
3929,0
3930,0.3896667211720886
3931,0.5965544158544318
3932,0.3720206264753997
3933,0.1226363092208953
3934,0.5162284842029553
3935,0.18417527495877267
3936,0.42593131976684384
3937,0.18796066101780584
3938,0.3198676701904041
3939,0.9130881776032043
3940,0.19627692157255247
3941,0.3977747323631331
3942,0.7479821888828947
3943,0.3773213752279731
3944,0.31311019064110884
3945,0.5887295684480124
3946,0.7401766769377074
3947,0.03863367366821002
3948,0.3962955490614852
3949,0.16981224999047337
3950,0.1311563634580246
3951,0.31176824175753204
3952,0.3488499522215288
3953,0.11640528576454925
3954,0.0028345739330169484
3955,0.5788148704037912
3956,0.34278721359897846
3957,0.36549670119330024
3958,0.4680369606155654
3959,0.018468516174839245
3960,0.5552026513399358
3961,0.10869733670042239
3962,0.5712259399659435
3963,0.3464490087395103
3964,0.26123328913633875
3965,0.3780280955632976
3966,0.44417176303065725
3967,0.3611647276875107
3968,0.1614981310325574
3969,0.45700401224917686
3970,0.5485914326342991
3971,0.15926890841207228
3972,0.3634372253903803
3973,0.14841534780176932
3974,0.37478785632918676
3975,0
3976,0.6641740952573871
3977,0.29625308403164424
3978,0.2951749195390234
3979,0.25187369221728395
3980,0.5301118162781671
3981,0.6427557523014014
3982,0.11141277581397452
3983,0.41319770458740424
3984,0.24936366009621996
3985,0.29860776286094387
3986,0.42729828222610655
3987,0.2696790137900586
3988,0.3023055144194918
3989,0.24510722986992198
3990,0.5576251633644986
3991,0.30149064924426755
3992,0.5564165203434239
3993,0.43697185269819955
3994,0.1466192738976918
3995,0.2990463721963171
3996,0.22856020381494738
3997,0.10895775106904676
3998,0.15803279595742972
3999,0.43053161929326333
4000,0.15005751581615145
4001,0.4891389563284813
4002,0.78547756759876
4003,0.3004932673940802
4004,0.1359166387901707
4005,0.2784503034870264
4006,0.5077738531629845
4007,0.006184811065648277
4008,0.08602409771584796
4009,0.34464935807515507
4010,0.38880216455193306
4011,0.4228171813940055
4012,0.5711221971169498
4013,0.38583464885686164
4014,0.5582369457331107
4015,0.313602728927558
4016,0.1581404318336539
4017,0.5597397419393393
4018,0.19366150924824257
4019,0.14570783236539236
4020,0.06378031558388775
4021,0.2770278065659328
4022,0.29179342420730464
4023,0.5302860252952064
4024,0.3209750513835597
4025,0.5143018997291757
4026,0.07552196808294082
4027,0.4263596056078417
4028,0.19553730250169116
4029,0.47224468007158543
4030,0.17365407711586842
4031,0.24447301555335282
4032,0.3564843821553321
4033,0.40696278623799775
4034,0.2519041940693143
4035,0.11851646732241142
4036,0.4529736195674136
4037,0.6668776860711969
4038,0.3747892733105298
4039,0.4751555556404812
4040,0.5952440668363199
4041,0.49561248116404805
4042,0.5350916953608778
4043,0.28224897998118736
4044,0.25554727827889806
4045,0.11335492798430316
4046,0.3717615670402499
4047,0.4371719219241761
4048,0.3375951609072855
4049,0.3999989698414729
4050,0.49816223759373957
4051,0.7941155747542228
4052,0.4408856248135604
4053,0.3773267083382321
4054,0.4159844956398339
4055,0.37427336142596596
4056,0
4057,0.26532832164534814
4058,0.3669283213655938
4059,0.47478764179488225
4060,0.20157517878187667
4061,0.5634838721169901
4062,0.11547441414215696
4063,0.3984468333785695
4064,0.8726413489783033
4065,0.4337984236547132
4066,0.5262678425349683
4067,0.34293379330556606
4068,0.5087078066564844
4069,0.6295282944977432
4070,0.2068855628836903
4071,0.1715376971354497
4072,0.16379592536494123
4073,0.5313810503421865
4074,0.4920460333329285
4075,0.27187489949491805
4076,0.8713752532516175
4077,0.2795270292174902
4078,0.3424047249717629
4079,0.23198173455101567
4080,0.38439768867672697
4081,0.5697985258548768
4082,0.36323983423181294
4083,0.2939093436087271
4084,0.5272430956785951
4085,0.4982112617243558
4086,0.16303437664669485
4087,0.5044793257542787
4088,0.39284456992567285
4089,0.36385484567757825
4090,0.5596782306202688
4091,0.2343250809326677
4092,0.21642485896438993
4093,0
4094,0.3065163275014085
4095,0.43415667400649555
4096,0.45410965008976767
4097,0.19834820145832982
4098,0.547775666505673
4099,0.051061996788374
4100,0.1765889289216983
4101,0
4102,0.37811466572236496
4103,0.5618799675447832
4104,0.09136042898419497
4105,0.3469456774368122
4106,0.46486997165719396
4107,0.3719141495459284
4108,0.005462376204178276
4109,0.40484469860561106
4110,0.7180339648092714
4111,0.18704798047648186
4112,0.344776725158614
4113,0.3224540055409343
4114,0.7781988887473157
4115,0.018514863094206635
4116,0.37017218398339324
4117,0.3329493527142779
4118,0.45072620413907627
4119,0.38548168341150957
4120,0.303225589460601
4121,0.3160298797245581
4122,0.4043163142190045
4123,0.4368555291985337
4124,0.2140409597897633
4125,0.08217842927202906
4126,0.0657123354182097
4127,0.3743203673778168
4128,0.87006864423218
4129,0.2331993539591905
4130,0.2636237871104412
4131,0.2780713530176438
4132,0.32869434641014195
4133,0.7652763119822696
4134,0.0789590645901439
4135,0.2941746503860354
4136,0.7415748924914978
4137,0.1513389981174033
4138,0.3760614373673026
4139,0.16621709307598545
4140,0.5015128325516679
4141,0.44117248838481915
4142,0
4143,0.0554910235290606
4144,0.4617323055626942
4145,0.7249444490212298
4146,0.24391257451408738
4147,0
4148,0
4149,0.4152589200617234
4150,0.02813274317729836
4151,0.7576087472080466
4152,0.38669592847787976
4153,0.3583960547766378
4154,0.37361716294078795
4155,0.8920671042566434
4156,0.5216789938115803
4157,0.15753776619858384
4158,0.4866264494009551
4159,0.2875982894687016
4160,0.4218894888453404
4161,0.14122570641634352
4162,0.12195049939416572
4163,0.15276244045441512
4164,0
4165,0.07693364559992028
4166,0.06302464623415699
4167,0.49711561301293306
4168,0.5733742035136115
4169,0.39308431727544274
4170,0.3427776621131102
4171,0.5635374668802952
4172,0.344768523227685
4173,0.20017763616927453
4174,0.5654583703429585
4175,0.7969533565731289
4176,0.458870053675552
4177,0.5106097472211406
4178,0.4963341395962091
4179,0.25989117687291796
4180,0.18383423057416914
4181,0.2142258335890434
4182,0.7045161130336375
4183,0.1754213280667768
4184,0.34666730452849687
4185,0.5320954895996743
4186,0.7177811934179543
4187,0.8031234586837798
4188,0.6520016478313584
4189,0.21798232550245503
4190,0.02932694120808782
4191,0.2479551150987105
4192,0.4049750636151513
4193,0.4582639401042271
4194,0.1970224411053751
4195,0.11469224913398718
4196,0.547556824864059
4197,0.028489030639892998
4198,0.3780982820924678
4199,0.4440995646209193
4200,0.07811626366304678
4201,0.3880228453680923
4202,0.33707542425599624
4203,0.4228106919129877
4204,0.42680496277639923
4205,0.09053591592713939
4206,0.3305526802230286
4207,0.13357877679519908
4208,0.49943717987086345
4209,0.6026572782793732
4210,0.3197899379704765
4211,0.4832927655366017
4212,0.7710953754822139
4213,0.404153611454403
4214,0.32653456344575127
4215,0
4216,0
4217,0.1812184987831012
4218,0.3097184647985206
4219,0.441477396584862
4220,0.303398403934338
4221,0.2687614542766257
4222,0.19984793374416485
4223,0.021408713870132795
4224,0
4225,0.28862243415243205
4226,0.5046947585177981
4227,0.49255593254559166
4228,0.5872783566218488
4229,0.7118907035006613
4230,0.4340305571466319
4231,0.31780197954497363
4232,0.28826538981403393
4233,0.3647627070311199
4234,0.5044200254852798
4235,0.14972592620426492
4236,0.5601142085418932
4237,0.5624353139040379
4238,0.17081660765750575
4239,0.556329321443485
4240,0.7655826762954882
4241,0.7206215685387507
4242,0.3231346680076535
4243,0.26331588575452486
4244,0.6891486745638873
4245,0.18650999169276372
4246,0
4247,0.2262462788188681
4248,0.49280118772524395
4249,0.048905971606995
4250,0.3819116363476905
4251,0.6336865432803411
4252,0.6029105351141966
4253,0.7226781010766589
4254,0.5371895614266
4255,0.38973307854449435
4256,0.5619943883180419
4257,0.5500886082656156
4258,0.45461526908511524
4259,0.1736649373944092
4260,0.05953822715065982
4261,0.23723416470796269
4262,0.5252327833524687
4263,0.32862694781866597
4264,0.4465242951106442
4265,0.30473546973266935
4266,0.4363608262454121
4267,0.5945510882846142
4268,0.24540897937306744
4269,0.3954205757335993
4270,0.201018721767519
4271,0.45067629332597736
4272,0.31193458248527395
4273,0.4466076660793278
4274,0.30175283252415586
4275,0.25399220747060236
4276,0.7498660909502838
4277,0.29548022756701153
4278,0
4279,0.3264930594563581
4280,0.5109280508079415
4281,0.4056205041038815
4282,0.5165762062027883
4283,0.1383110227631595
4284,0.2289260974739591
4285,0.3339542471894697
4286,0.2106065263070743
4287,0.288424469479977
4288,0.293117393381155
4289,0.4440669064090118
4290,0.20957915603074534
4291,0.5938089796954704
4292,0
4293,0.4747588079455528
4294,0.5222369359657633
4295,0.2288255042860378
4296,0.448283964679199
4297,0.11073965530961594
4298,0.4417229165207205
4299,0.36954749237455675
4300,0.25651763502520436
4301,0.24323333051231383
4302,0.37341867418163777
4303,0.41429318025278333
4304,0
4305,0.23691694731601806
4306,0.483003553207841
4307,0.5200643964604323
4308,0.38735006261027966
4309,0.18520084404552292
4310,0.21874786517851708
4311,0.5487737227973346
4312,0.04541272462527346
4313,0
4314,0.6029304532188547
4315,0
4316,0.557755550920091
4317,0.4579098468789913
4318,0.31552544424596024
4319,0.3074357515200649
4320,0.7258166128419694
4321,0.04255764083252184
4322,0.43299617759762826
4323,0.28706683671365313
4324,0.4492066592203111
4325,0.0715931397868208
4326,0.10035609165949216
4327,0.19993377098355997
4328,0.29339532042382804
4329,0
4330,0.5381619584294031
4331,0.0564130767275863
4332,0.1435733702877018
4333,0.14561792171364335
4334,0.43298828284106067
4335,0.5564549165752082
4336,0.04006447750519468
4337,0.5418072009590683
4338,0.41852320099676277
4339,0
4340,0.3154838907622561
4341,0.23534908887975967
4342,0.5273100930919317
4343,0.4130232303831042
4344,0.19172190005891712
4345,0.056926205220000914
4346,0.4748153206840443
4347,0.300142864109048
4348,0.2733639470886482
4349,0.4982940004482217
4350,0.08609705900360382
4351,0.741391184447231
4352,0.27671916152388626
4353,0.30645951949606404
4354,0.3932249180386618
4355,0.38495588781428003
4356,0.21696738590867817
4357,0.07871226723633884
4358,0.5688713025973372
4359,0
4360,0.2466494270957927
4361,0.21534053912822287
4362,0.1905327104522565
4363,0.224673525076321
4364,0.13685148635088495
4365,0
4366,0.6078272419675916
4367,0.5742681195878651
4368,0.1690686843867893
4369,0.14968925316336296
4370,0.2247086553934881
4371,0.1866747080085513
4372,0.66200410132143
4373,0.5691508412949631
4374,0.04111285025916017
4375,0.5317627406867175
4376,0.5062424769306441
4377,0.44500323671100533
4378,0.31257499018363
4379,0.7480221117176606
4380,0.09141311424044535
4381,0
4382,0.6275350176356438
4383,0.6031252127863441
4384,0.23298944051889314
4385,0.676040012000835
4386,0.18246639716147578
4387,0.33401729833052846
4388,0.23108610943587454
4389,0.2622708247858233
4390,0.06253867425834894
4391,0.44108853797700553
4392,0.5574916404533757
4393,0.11008186132387773
4394,0.7443283558948137
4395,0.7679840206990318
4396,0.12757775829239176
4397,0.463526908991171
4398,0.37226077651665224
4399,0
4400,0.17098132224083507
4401,0.05964905748361257
4402,0.5928425377311096
4403,0.10387448079380837
4404,0.08507910237602503
4405,0.35094101755698603
4406,0.3594508248243336
4407,0.5763757863281467
4408,0.08704744807429513
4409,0.33450558553276566
4410,0.2719008919255911
4411,0.2318589510105372
4412,0.06099700192106319
4413,0.6666319285821345
4414,0.2511591112882694
4415,0.015286512127822421
4416,0.4540441928907565
4417,0.27434751671588276
4418,0.36082632527845115
4419,0.6143555127404066
4420,0.4082284690501053
4421,0.43194877269432336
4422,0.5834537173480165
4423,0.27221794812577227
4424,0.2100089066342385
4425,0.06855385835330619
4426,0.09486942267521298
4427,0.2997094913799336
4428,0.1820414522253742
4429,0.27083744651945274
4430,0.3262350569905652
4431,0.48984766826952003
4432,0.6381719965254836
4433,0.4392721096219399
4434,0.2059308604212771
4435,0.5272708611963768
4436,0.2456491215745783
4437,0.40023723796116767
4438,0.1085685075020417
4439,0.3527195025918104
4440,0.3334185661773981
4441,0.33259355114729056
4442,0.5401346662179717
4443,0.30646689756408674
4444,0.6880604584354757
4445,0
4446,0.12720971464531955
4447,0
4448,0.3757082594876105
4449,0.41194889396384815
4450,0.36612652468225526
4451,0.7805413918797142
4452,0.5673085324410692
4453,0.1355820295501491
4454,0
4455,0.430283895605602
4456,0.6213618429042329
4457,0.19681648475927097
4458,0.09572572259747453
4459,0.07383310563903184
4460,0.31611483129254386
4461,0.7366988694401941
4462,0.14555468279318654
4463,0.25369540845231753
4464,0.1880177651767481
4465,0.6360322099561673
4466,0.02871240462588004
4467,0.1086141522715231
4468,0.6479013358082479
4469,0.561834972065687
4470,0.3581094669117413
4471,0.04971639013640888
4472,0.16020922289336004
4473,0.18458318586786898
4474,0.32715587909725397
4475,0.14438368924084516
4476,0.38093580609470684
4477,0.14348018101767676
4478,0.6366342952380326
4479,0.2866029914602566
4480,0.3173560669514788
4481,0.5170282695875574
4482,0
4483,0.0718715235589753
4484,0.05752391859316164
4485,0.026892295694445567
4486,0.010927950910306294
4487,0.1315789878758008
4488,0
4489,0.37160032953260724
4490,0.22131184667582754
4491,0.48269987608374915
4492,0
4493,0.20319826120822818
4494,0.5875052698602262
4495,0
4496,0.5157554669562912
4497,0.6635854088647739
4498,0.23048510801279112
4499,0.37672305878359913
4500,0.3186858745103829
4501,0.14359692946812427
4502,0.4724037375750065
4503,0.7984088603789311
4504,0.11877598505033274
4505,0
4506,0.4656372032848175
4507,0.34770252116488604
4508,0.2904180644258999
4509,0.2611173804940573
4510,0.2493336746461141
4511,0
4512,0.16030330141021557
4513,0.6128506210662668
4514,0.5423682500480131
4515,0.2710562091941131
4516,0.5232542814314677
4517,0.2281975901471299
4518,0.21696525773729028
4519,0.14016137620736233
4520,0.34177156814083903
4521,0.5575220223056045
4522,0.33460118986339216
4523,0.49855345418641556
4524,0.24507598729566746
4525,0.15677852443742904
4526,0.46613417872243745
4527,0.48936614474563894
4528,0
4529,0.7467084821775734
4530,0.3266596475783081
4531,0.42523872967606785
4532,0
4533,0
4534,0.44447683548749484
4535,0.11934988700635224
4536,0.44072907622055546
4537,0
4538,0.07644123919437765
4539,0.7040690711561779
4540,0.9672254669338936
4541,0.5472947535078805
4542,0.5165655752697854
4543,0.4185317133749517
4544,0.24411000906743427
4545,0.0699790466551731
4546,0.30018144764853044
4547,0.27948129573830793
4548,0.600636029479039
4549,0.2756765046253895
4550,0.2250652810696947
4551,0
4552,0.4589950746007529
4553,0.38441348180113666
4554,0.5661254197729216
4555,0.7628723602210488
4556,0.29415557990407115
4557,0.7183420807521441
4558,0
4559,0.5402220451027707
4560,0.29767744983852945
4561,0.1487823557385626
4562,0.5325044656661015
4563,0.33686101920134515
4564,0.646153656788445
4565,0.515473527546499
4566,0.47251370708074003
4567,0.5066813316562377
4568,0.27054395472499393
4569,0.2582000494182647
4570,0.1665697876195804
4571,0.40466539930298845
4572,0.037591876855371575
4573,0.41190867613793314
4574,0.760307493016298
4575,0.5033491845867855
4576,0.24273622199319786
4577,0.5158479562911322
4578,0.7810592405105345
4579,0.36749856495574895
4580,0.6628481732696718
4581,0.7428009551449462
4582,0.6151472202687093
4583,0.5097582801217984
4584,0.08178731921283944
4585,0.5309397971530049
4586,0.30582846564652155
4587,0.40157844348414284
4588,0.05010547919659841
4589,0.41476889914511716
4590,0.3766892974075871
4591,0.4879044329889822
4592,0.19848895300850908
4593,0.22852179932507963
4594,0.11995417098073158
4595,0.21088112392594216
4596,0.5592250375335608
4597,0.5183797140947238
4598,0.03282522757790174
4599,0.5458787787672094
4600,0.06874031842461967
4601,0.1758193765415454
4602,0.5809231594590447
4603,0.8766610229490925
4604,0.4024776665178837
4605,0.16221863891330646
4606,0
4607,0.4927433638987144
4608,0.5831251809040181
4609,0.7151402545134673
4610,0.7043790338980229
4611,0.3553711064086599
4612,0.2685817897027365
4613,0.7452866283639259
4614,0.30313193091528623
4615,0
4616,0.2095920110291603
4617,0
4618,0.46313437313065375
4619,0.10773799730750724
4620,0.3555587866813025
4621,0.5065166291305804
4622,0.14668580185064511
4623,0.49916153100016275
4624,0.3059689246303936
4625,0.2581987984398463
4626,0.8293080840583935
4627,0.5889870440016216
4628,0.5539561033804055
4629,0.2624243317696185
4630,0.7286032003961627
4631,0.6333985715736044
4632,0.4499384125140979
4633,0.2681138066275417
4634,0.15347399478067153
4635,0
4636,0.1806828324186227
4637,0.23621447969536635
4638,0.2590681477599315
4639,0.7345929146434225
4640,0.5086463157240253
4641,0.3843182206983036
4642,0.2626003221112721
4643,0.0236455245276129
4644,0.002803988235014654
4645,0.7226265825825492
4646,0.27197140706709494
4647,0.4886568454349515
4648,0.5474245995510119
4649,0.6012822631814058
4650,0.21476029245294095
4651,0.49104473011433003
4652,0.703850995366242
4653,0.20102093737286797
4654,0.10607844039953634
4655,0.44815612007108785
4656,0.5651694325836998
4657,0.4931791176275174
4658,0.23971366228682095
4659,0
4660,0.398001074016731
4661,0.02399358653135819
4662,0.11000512876977939
4663,0.0891830637600261
4664,0.20144260035198933
4665,0.30103083659649094
4666,0.10886644146454905
4667,0.5122534698406156
4668,0.37529148847112753
4669,0.5341681994922663
4670,0.5497553875584689
4671,0.16261459114884075
4672,0
4673,0.44293327835343155
4674,0
4675,0.6029997864916627
4676,0.16128581622378985
4677,0.5351866721435189
4678,0.6771723351008925
4679,0.03962716271362876
4680,0.4854174868294857
4681,0.2910462349418701
4682,0.4421595253441275
4683,0.6387937519564819
4684,0.7175029752258248
4685,0.15482582667533046
4686,0.2510787903900421
4687,0.5509274117490095
4688,0.4917101169901236
4689,0.16827759716002236
4690,0.14769871082912053
4691,0.3173855041312399
4692,0.5115299068151601
4693,0.020576013117068914
4694,0.23680472318602114
4695,0.19303425306434646
4696,0.29780284477170116
4697,0.583902867882154
4698,0.44010038436692095
4699,0
4700,0.25467998855150625
4701,0.5213586108324305
4702,0.026728725508571638
4703,0.2963596454990883
4704,0.1161919911139962
4705,0.378650103469212
4706,0.1742726012254183
4707,0.20151529323301276
4708,0.21318694269771274
4709,0
4710,0.5055397234183017
4711,0.37536330897960934
4712,0.6651287241379932
4713,0.7564473608360527
4714,0.802043731239612
4715,0.22680158090618363
4716,0.46558365865931184
4717,0.5632966582239236
4718,0.17216288758650716
4719,0.2780755272165669
4720,0.08920566461605431
4721,0.421434909191756
4722,0.040893557805721126
4723,0.32568461582631597
4724,0.17725831110075635
4725,0
4726,0.5057598376039019
4727,0.3269197037107972
4728,0.26350727467847923
4729,0.28853071442637435
4730,0.5048210604701417
4731,0.032611263490976955
4732,0.4173119462179711
4733,0.060939425527786195
4734,0.49561268751889187
4735,0.057276902729840984
4736,0.6759194237843906
4737,0.348726528088843
4738,0.29506544813067337
4739,0.5941043975064695
4740,0.08307767511700513
4741,0.49601709345894474
4742,0.4719070042059155
4743,0.5385464655976372
4744,0.17647805610634432
4745,0.2784588638524012
4746,0.27703204385814184
4747,0.24432393940196526
4748,1
4749,0.2661697304048703
4750,0.24869337024784294
4751,0.3209860391142877
4752,0.18262806447669108
4753,0.26437239075004176
4754,0.27250435599374234
4755,0.16357295766557284
4756,0.5263962784224727
4757,0.3401254280913162
4758,0.1763367609756679
4759,0.11145152338749834
4760,0.3708967220030419
4761,0
4762,0.35729291517935713
4763,0.6910054937111936
4764,0.5456099840155058
4765,0.2751758429811972
4766,0.26857587570852237
4767,0.5595720135736366
4768,0.025068155122238922
4769,0.45305683472569125
4770,0.39935846943072895
4771,0.26883714756627713
4772,0.08926488077421434
4773,0.4066443036400649
4774,0.438947216436733
4775,0.511409376042247
4776,0.6504183845941094
4777,0.38132493902686504
4778,0.243078792657664
4779,0.5913209052195568
4780,0.5340992141223255
4781,0.1365586278907988
4782,0.8390955947927321
4783,0.6222015042636005
4784,0.34523396314952426
4785,0.5356089338063507
4786,0.26123505835154354
4787,0.7109991505816373
4788,0.21059358711762646
4789,0.4115359706568464
4790,0.36044697338796616
4791,0.24688578373327824
4792,0.31838675913956704
4793,0.43327165366867426
4794,0.49266909762916317
4795,0.603376434560408
4796,0.294415626790258
4797,0.47243206035127816
4798,0.6270482254754968
4799,0.577559910556448
4800,0.501167984949804
4801,0.7426934903042053
4802,0.6274585902577822
4803,0.451732797760497
4804,0.21217452578097776
4805,0.5044346269625862
4806,0.9135085152780635
4807,0.2670686054811867
4808,0.1358482599178038
4809,0.5434131875493935
4810,0.5393639930020457
4811,0
4812,0
4813,0.27581493753864267
4814,0.13779473775764817
4815,0.35857329730300114
4816,0.585653723342178
4817,0.6561590349893738
4818,0.5154019684413889
4819,0.4455106974481702
4820,0.13735134169426863
4821,0.3183746534551046
4822,0.1312793135773489
4823,0.2964904195688125
4824,0.2589597876836443
4825,0.37117903389281
4826,0.3308881912254195
4827,0.11954286785558502
4828,0.15249103104128148
4829,0.2323390012144782
4830,0.7292566962208702
4831,0.5206108920635479
4832,0
4833,0.3437328591387323
4834,0.11443387464361099
4835,0.7559402657332106
4836,0.586174966418638
4837,0.1787769914328956
4838,0.29764555392492736
4839,0.6266904089229604
4840,0.3142870776872952
4841,0.6646121120319907
4842,0.20538145703745186
4843,0.3966008042285487
4844,0.4885749894949579
4845,0.26308511117909367
4846,0.3883743312006417
4847,0.05291081288426086
4848,0.029868311888461174
4849,0
4850,0.4561020873943619
4851,0.42636493436530987
4852,0.253842456409267
4853,0.40044952412021956
4854,0.3248886731707532
4855,0
4856,0.6177387579858553
4857,0.23321292705142013
4858,0.8658945077384949
4859,0.3558528210001536
4860,0.23004745453182077
4861,0.28703644171715015
4862,0.4968099882048115
4863,0.5392155320075472
4864,0.40972744507454395
4865,0.7196674124582859
4866,0.2691150448035463
4867,0.6294057180428511
4868,0.460668501835075
4869,0.6208760673857187
4870,0
4871,0.3846524356557082
4872,0.2638837474721437
4873,0.5093398979787591
4874,0.5517767346497948
4875,0.5559790326763598
4876,0.7832280838808632
4877,0.10521295753947577
4878,0.29687679133673
4879,0.7304701760468492
4880,0.2854923660578959
4881,0.12551269337478482
4882,0.13579732922530613
4883,0.33948366577915223
4884,0.420179279572789
4885,0.32507578781846913
4886,0.48839552849143086
4887,0.19829471972634144
4888,1
4889,0
4890,0.36170377512749663
4891,0.44742295372310137
4892,0.4839829132973734
4893,0.4493394510534588
4894,0.4340323735194993
4895,0.4824845129600148
4896,0.4361041753983251
4897,0.34360104661610824
4898,0.46177755508086843
4899,0.3635667693825381
4900,0.27843046026932106
4901,0.02260614215595899
4902,0.5698053995066025
4903,0.2043414861701951
4904,0.4447837381258968
4905,0.19174429011460933
4906,0.34991258362205274
4907,0.7468092112177425
4908,0.7639156525324926
4909,0.3350444623078893
4910,0.37957278361047764
4911,0.7394101665212276
4912,0.6783814379341058
4913,0.6153332306846191
4914,0
4915,0.16385388083787047
4916,0.31390651628029725
4917,0.43658632448778456
4918,0.4539565655869642
4919,0.41021535078210225
4920,0.37066989701181624
4921,0.3527017477874865
4922,0.11006097015789768
4923,0
4924,0.5861957531985913
4925,0.34983295301894723
4926,0.3099488610710266
4927,0.20845510959356922
4928,0.880821212987636
4929,0.2816916706566364
4930,0.23309379736883573
4931,0.3086237746715706
4932,0.3494767175413725
4933,0.6695157535422221
4934,0.4740192963846398
4935,0.461155035796712
4936,0.29053595796202064
4937,0.36249742328540174
4938,0.24532140481591297
4939,0.4514261874217591
4940,0.23045125020934254
4941,0.38109257454382073
4942,0.15856407475904355
4943,0.44343245825254357
4944,0.322824486351111
4945,0.29218620273526313
4946,0.691204916828946
4947,0.4622773810844224
4948,0.43929003928989296
4949,0.4625341019018159
4950,0.39278838240035674
4951,0.3666807697868676
4952,0.3091242728955754
4953,0.4231562739178139
4954,0.4879305876695291
4955,0.29336991835997406
4956,0.1315489347318784
4957,0.3051325816432836
4958,0.2897418319801261
4959,0.3897658161992162
4960,0.28510702052443726
4961,0.3701267218742677
4962,0.6076029145823924
4963,0.08315839621259985
4964,0.6012595050195702
4965,0.37609722544924273
4966,0.39197105441852076
4967,0.5428714283780258
4968,0.4985346260977132
4969,0.4852340548856129
4970,0.33902305866653293
4971,0.565266019518816
4972,0.6894814809506626
4973,0.0692465115546802
4974,0
4975,0.10809784879117268
4976,0.535911234640204
4977,0.8050385040177704
4978,0.3318009522225123
4979,0.6207293710874981
4980,0.6002218876719755
4981,0.11120688776769708
4982,0.4457472845318925
4983,0.3063892385308151
4984,0.10141872267585103
4985,0.4634327118567033
4986,0.6107873744622276
4987,0.5306310202129093
4988,0.6075779644746881
4989,0.5771780128923143
4990,0.28028619861770876
4991,0.450882419975153
4992,0.2912529920641476
4993,0
4994,0.7208476874568475
4995,0
4996,0.4419021488697938
4997,0.46852723060826995
4998,0.4899786241710915
4999,0.28590978944197437
5000,0.2598358620815396
5001,0.4250362448861665
5002,0.303608957131846
5003,0.4415124070050892
5004,0.30867447495624795
5005,0.034556151482044495
5006,0
5007,0.12508694775430376
5008,0.6364984427239353
5009,0.35299044510097005
5010,0.10633610173493958
5011,0.4101860184212767
5012,0.38940740171587307
5013,0.13029504538761089
5014,0.6718993130799357
5015,0.20493060456277737
5016,0.18207008015807552
5017,0.32232925152328135
5018,0.37442948259251946
5019,0.37461779601599443
5020,0.04416821676622984
5021,0.16081750326644495
5022,0.568916370926069
5023,0.4026069316755376
5024,0.25682688416152943
5025,0.18099759127311976
5026,0.2272189994583402
5027,0.8052093960893256
5028,0.45224189161291417
5029,0.4603925068217042
5030,0.23272989552970286
5031,0
5032,0.09381638712828946
5033,0.5198098924300306
5034,0.029231950501228954
5035,0.08571811168940979
5036,0.353943831065544
5037,0.4974380968346457
5038,0.6245128537003373
5039,0.3118316910262213
5040,0.25127772811450566
5041,0.5182898888951232
5042,0.4215065953170096
5043,0.34018595798649653
5044,0.03195574381595226
5045,0.24752067954379478
5046,0.5444289546001397
5047,0.47904374837031266
5048,0.2166508408328022
5049,0.09491625764575007
5050,0.5131387196382005
5051,0.7698765462902404
5052,0.003268597121874328
5053,0.372132004326802
5054,0.13646488768015988
5055,0.22447296406346623
5056,0.43854264951560795
5057,0.6589862967304445
5058,0.4195118819848083
5059,0.10208351942302696
5060,0.5875984240131596
5061,0.27768184489654024
5062,0.07750517983491126
5063,0.3667826555099471
5064,0.2872191261837087
5065,0.2165591330052251
5066,0.6727440767626187
5067,0.40329881453704564
5068,0.9630888379589487
5069,0.6450748038656478
5070,0.29279741950829874
5071,0.8421852065034514
5072,0.204027724567494
5073,0.7370521823021468
5074,0.3277171382187325
5075,0.29596904296212195
5076,0.14289763613855014
5077,0.41439374248602173
5078,0.32792862862561145
5079,0.21950894872347446
5080,0.33228116264569635
5081,0.5767956670265164
5082,0.5704799464456517
5083,0.4237499068657852
5084,0
5085,0.4232767051638804
5086,0.6283347681523599
5087,0.4263347083120791
5088,0.3839067447256026
5089,0.4891405085235079
5090,0.3955214245990506
5091,0
5092,0.9436351744439183
5093,0.30355638631303694
5094,0
5095,0.3180457462991028
5096,0.417647395471544
5097,0.4950113847106376
5098,0.3451912307216335
5099,0.787336974420703
5100,0.13346145407600715
5101,0.29680672682264964
5102,0.5388522859933491
5103,0.21573648299552037
5104,0.5350304119662865
5105,0.07940702606164082
5106,0.3571978275487506
5107,0.03011284344228926
5108,0.22803239479857196
5109,0.06699181520368166
5110,0.2680041264113726
5111,0.32497668449364675
5112,0.21520221218006902
5113,0.3235883335931008
5114,0.002411545330561149
5115,0.36150934500988646
5116,0.45925288368405703
5117,0.4105084776558808
5118,0.3152230868564083
5119,0.4133105707965862
5120,0.6789891980427811
5121,0.1872842051093162
5122,0.4090273304910792
5123,0.2597075748933118
5124,0.4893881966771016
5125,0.39587753305607465
5126,0.6678088466952092
5127,0.25343716540680394
5128,0.5087206868006585
5129,0.8775517370627061
5130,0.462576209038786
5131,0.13990199602875725
5132,0.3930835005921949
5133,0
5134,0.3976882271307829
5135,0.5689025543601596
5136,0.4030527361891651
5137,0.39864568886213614
5138,0.49657462126652446
5139,0
5140,0.17237979338816917
5141,0.3833463455983817
5142,0.14253909752284516
5143,0.7019331628104105
5144,0.10177471957272716
5145,0.43476754720135063
5146,0
5147,0.11404622614206644
5148,0.18513602964023768
5149,0.44872166321560014
5150,0.4558403845445234
5151,0.46291441393338617
5152,0.3398329600180955
5153,0.48130092562132776
5154,0.6471383934294166
5155,0.6405215413783761
5156,0.2685357848262895
5157,0.0344341597868309
5158,0.47182906367885113
5159,0.8168807275644618
5160,0.5514974656059493
5161,0.6944640071128771
5162,0.16006223223232452
5163,0.32006012625086366
5164,0
5165,0.39581530999272857
5166,0.6156535267313534
5167,0.4235632415080457
5168,0.40113582269478487
5169,0.257016708107081
5170,0.3580127992917353
5171,0.4886520603627853
5172,0.3689644399721399
5173,0.654619058645938
5174,0.5871597162630832
5175,0.6565991132484876
5176,0.17921441026843865
5177,0.23413672490424908
5178,0.3597935875186793
5179,0.6449266316376043
5180,0.04440494942713882
5181,0.8053549465407281
5182,0.0013997722884663
5183,0.13531747766123178
5184,0.14510764287614608
5185,0.5563409632682899
5186,0.4485960962315355
5187,0.5765418155928708
5188,0.7546086858554641
5189,0.20054354854341772
5190,0
5191,0.8735408362662456
5192,0.39945773336989093
5193,0.3233039390108517
5194,0.259380602473608
5195,0.5215657562791379
5196,0.06259336047584246
5197,0.6455553441766395
5198,0.4471050762359347
5199,0.14356683571239373
5200,0.4771457668780837
5201,0.35592749930852396
5202,0.18334188112825192
5203,0.4989456455832604
5204,0.5924634733679276
5205,0.43853386486892826
5206,0.3287372469750226
5207,0.39973876335519226
5208,0
5209,0.04993939944705306
5210,0.2961957906551348
5211,0.6475454040188813
5212,0.5811045000375464
5213,0.31421141176614764
5214,0.5015757919609124
5215,0.25028223674107486
5216,0.4284819035719641
5217,0.4091874258936285
5218,0.19506956367650138
5219,0.7871426639266774
5220,0.019458775933569483
5221,0.4820793398620632
5222,0.3371944119559943
5223,0.22441640026655618
5224,0
5225,0.15189840020558523
5226,0.24592302949922648
5227,0.25367310869347376
5228,0.2781342710532695
5229,0.5731920870286855
5230,0.5912944754631386
5231,0.5397717860203008
5232,0.5641703618760149
5233,0.18871036441447447
5234,0.20129545093977688
5235,0.5514600090366257
5236,0.4095140552964179
5237,0.06239424867109622
5238,0.392421966000269
5239,0.4830495566174568
5240,0.15643251078827666
5241,0
5242,0.2086045623598833
5243,0.7085683163433899
5244,0.6586249514311232
5245,0.1333643308545107
5246,0.23784382284696254
5247,0
5248,0.3897096107598547
5249,0.37436612568752425
5250,0.3876903803797821
5251,0.32668276918739914
5252,0.20018363738723957
5253,0.18022240402668252
5254,0.1861913530782159
5255,0.12131838937738379
5256,0.10372657954479128
5257,0.441373429339215
5258,0.3660131718183892
5259,0.38848885112917525
5260,0.717377959013817
5261,0.2918493068911946
5262,0.43701117211126916
5263,0.25294009118505734
5264,0.26174237290187163
5265,0.31595307388701777
5266,0.5685068469088409
5267,0.04917656976869228
5268,0.34337017315257823
5269,0.16451575342484462
5270,0.31098839878078827
5271,0.060825924380149714
5272,0.500265846068554
5273,0.1661797739572831
5274,0.3407036992411125
5275,0.4671519013419162
5276,0.09705651012650451
5277,0.5208832669903921
5278,0.36990600187467176
5279,0.7673514444540288
5280,0.2845578946791579
5281,0.29182116070400066
5282,0.523024924175674
5283,0
5284,0.34243494552081244
5285,0.24450874634835032
5286,0
5287,0.2915079339541484
5288,0.20183602821678362
5289,0.1380607075849353
5290,0.5016570625269643
5291,0.44185532730801413
5292,0.2737856882081074
5293,0.17621384473461235
5294,0.4640080402119958
5295,0.4962741905504836
5296,0.6271395610018362
5297,0.1604148251197547
5298,0.14115698105146854
5299,0.4781229409059439
5300,0.4006785812391902
5301,0.1872632417431724
5302,0.4936169245516117
5303,0.33644077433640546
5304,0.49381868537517853
5305,0.14996765882133276
5306,0.44205953606287407
5307,0.16791353102526213
5308,0.5344995394694532
5309,0.1812990809490689
5310,0.4875776082114417
5311,0
5312,0.3832823948684552
5313,0.18377735778579632
5314,0.3654133736483387
5315,0.08024243486050145
5316,0.2656598473850402
5317,0.3061824840024918
5318,0.0488176751381455
5319,0.4646721610269194
5320,0.4589714003262904
5321,0.1882027245693132
5322,0.49415572498472293
5323,0.7314300299500349
5324,0.34968502012930647
5325,0.278137931086128
5326,0.33538340708148195
5327,0.40849410320271373
5328,0.5089367426100745
5329,0.42123651679636903
5330,0.49447344256533377
5331,0.3771456515597608
5332,0.7557169136103685
5333,0.32190769773892336
5334,0.2594653867378164
5335,0.02174164018229574
5336,0.6573829076901461
5337,0.23095190891191036
5338,0.24631599750786998
5339,0.42931080781277253
5340,0.4343520839212393
5341,0.3064071799668408
5342,0.10851386825832507
5343,0.12165873744356295
5344,0.6903363021974258
5345,0.1834804776874548
5346,0.7139240017680144
5347,0.5365731799881271
5348,0.07945779370523726
5349,0.7418708681074386
5350,0.5624468137446387
5351,0.25937343763670645
5352,0.2900438450981465
5353,0.622214705519657
5354,0.23029981609165706
5355,0.1883500011450529
5356,0.11712753812053425
5357,0.3511373324418779
5358,0.793529393811815
5359,0.45763270105426435
5360,0.41022862102076374
5361,0.6285244597791118
5362,0.14647004288572701
5363,0.3791715993752261
5364,0.3834428401638098
5365,0.4760338645337851
5366,0.02699582610362697
5367,0.21041217814153168
5368,0.02465976970859246
5369,0.267828506650043
5370,0.30394744209003605
5371,0.13923780474012493
5372,0.34165256210223494
5373,0.2847755718737646
5374,0.30662200629537223
5375,0.5803752930973138
5376,0.7324343918470387
5377,0
5378,0.4016082064090332
5379,0
5380,0.5835072039807196
5381,0.1377863392547348
5382,0
5383,0.3918922464768126
5384,0.8130804597967578
5385,0.2908908341978164
5386,0.12289369084548547
5387,0.5579354314328133
5388,0.2275607721307444
5389,0.10985081354323278
5390,0.4474853078261299
5391,0.3343361317156837
5392,0.3275910846898599
5393,0.3740455575543563
5394,0.2542216345140028
5395,0.43206204964731415
5396,0.2171135264382851
5397,0.5525826271920291
5398,0.2856787137203452
5399,0.5420322085242872
5400,0.3319622234056801
5401,0.526277859164709
5402,0
5403,0.15698649851055763
5404,0.2661548245475106
5405,0
5406,0.5841224885739499
5407,0.09616315449765328
5408,0.3814309193838895
5409,0.4057656074370698
5410,0
5411,0.24233185561220247
5412,0
5413,0.25483434538995087
5414,0.25404158634031526
5415,0.3761881438989239
5416,0.06134590624883926
5417,0.45555669433019896
5418,0.21347349362332138
5419,0.4238796681079602
5420,0.13605747721900768
5421,0.015926085669672962
5422,0.18672365343070746
5423,0.6487213775993151
5424,0.12826084678906374
5425,0
5426,0.6225142053924748
5427,0.7549797230275588
5428,0.2834466935243625
5429,0.615689903223569
5430,0.4324142871294777
5431,0.4401965938541964
5432,0.4540204541835534
5433,0.4920174033911794
5434,0.5147025807154487
5435,0.9757863736451262
5436,0
5437,0.5281928653084165
5438,0.6631818327544831
5439,0.30855099588524326
5440,0.17673260149778752
5441,0.26467506700875487
5442,0.22874806883377308
5443,0.6879877582211537
5444,0.9792501336626511
5445,0.13554318133539062
5446,0.4746107907769626
5447,0.6139975347568816
5448,0.09794267526964681
5449,0.7132834533625672
5450,0.08333241953394044
5451,0.20993262215199276
5452,0.4962221597318314
5453,0.3018881152851258
5454,0.32452299931486195
5455,0.2709158254964722
5456,0.19217686907768136
5457,0.37494794689675237
5458,0
5459,0.3602984289156484
5460,0.47796791336378597
5461,0.1944316805252678
5462,0.24680734634823842
5463,0.10304247106341424
5464,0.5028194041456943
5465,0.3011440800432
5466,0.02458610158512875
5467,0.006280744780264358
5468,0.2315956255253836
5469,0.6648120636634367
5470,0.008005933266395121
5471,0.18751263946439584
5472,0.1440186952559265
5473,0.27743846344457485
5474,0.5407755943607402
5475,0.6588822985494447
5476,0.7110998715551937
5477,0.5035358731759483
5478,0.45981224327665704
5479,0
5480,0.24194339999912093
5481,0.7742274912352193
5482,0.4163017604335323
5483,0
5484,0.4824715289466519
5485,0.6967497494902067
5486,0.2998323618023999
5487,0.06261473362704251
5488,0.5403150973312413
5489,0.04542526224016691
5490,0.12794581452152493
5491,0.11566975179895875
5492,0.2800533131824846
5493,0.2765439379135884
5494,0.32773263565022104
5495,0.2786092075856257
5496,0.27153446042860974
5497,0.450009274469964
5498,0.06600087043880382
5499,0.3615570327834647
5500,0.646534732058409
5501,0.429590236504129
5502,0.22891732183463379
5503,0.4651198764251413
5504,0
5505,0.2945323307341148
5506,0
5507,0.6643482058685346
5508,0.5255825616800497
5509,0.47002018045183275
5510,0.03392383394719109
5511,0.2338333533684827
5512,0.13922784625363904
5513,0.48144933340364204
5514,0.5469221702737097
5515,0.3808899322302066
5516,0.37055160682556737
5517,0.31708270593227567
5518,0.0028945463817945938
5519,0.2735365992625886
5520,0.32929237974144937
5521,0.4354188053761892
5522,0.5816233328146088
5523,0.09396374686785158
5524,0
5525,0.8023836008344949
5526,0.25526827095179944
5527,0.397760620733818
5528,0.6752075584363055
5529,0.3110203758240309
5530,0.23416883496987542
5531,0.41172768375226576
5532,0.4203534344539764
5533,0.1791202720085595
5534,0.5534209978764408
5535,0.1770150488189185
5536,0.6636582508067596
5537,0.4283045498278253
5538,0.5244834587646465
5539,0.7289618609751634
5540,0.0922077932346175
5541,0.33431632440703807
5542,0.4998681697023186
5543,0.4528451739358519
5544,0.3881565927445497
5545,0.2297990289872269
5546,0.13686798750525803
5547,0.11158136192650117
5548,0.4465906269662892
5549,0.683067319025815
5550,0.4457322556212717
5551,0.49350491209654584
5552,0.12073196668047448
5553,0.5108621345566976
5554,0.37099055993884467
5555,0.4279754106465721
5556,0.4405413601897491
5557,0
5558,0.026661159907156506
5559,0.3736158322762481
5560,0.597780224582185
5561,0.10658966260051829
5562,0.44294109872132026
5563,0.30364811359996835
5564,0.5605622917349121
5565,0.6067238737451663
5566,0.03722316391707958
5567,0.26324133103267394
5568,0.24800783553997185
5569,0.36343141003938245
5570,0.5412970701352543
5571,0.48640614902188006
5572,0
5573,0.4911913778715757
5574,0.5344605147617584
5575,0.2573645001925404
5576,0.8587776227022645
5577,0
5578,0.5217812083309443
5579,0.2065996990187117
5580,0.25829327139394054
5581,0.1295280528927522
5582,0.6319836015687534
5583,0.30907389586902134
5584,0.33259958243917964
5585,0.49667403289823947
5586,0
5587,0.1833044879852011
5588,0.33734553186051924
5589,0.8092117812854787
5590,0.51569834975702
5591,0.21645916104139168
5592,0.09105605608686554
5593,0.6031991363217387
5594,0.3026905638095622
5595,0.011799354301929382
5596,0.11628701957724061
5597,0.1587189440078855
5598,0.3465136006343335
5599,0
5600,1
5601,0.31245440708889705
5602,0.7414326371459626
5603,0.5602803450151308
5604,0.7990797244036907
5605,0.696267097892449
5606,0.3716456142645641
5607,0.46448077278467004
5608,0.5630861575102836
5609,0.3628834070808453
5610,0.1572968240194962
5611,0.35360761553541276
5612,0.33349615870545213
5613,0.5789019361727337
5614,0.03665110850672201
5615,0.2359573788187121
5616,0.3838339942359197
5617,0.16708432564683923
5618,0.4650072841987596
5619,0.17934646268005475
5620,0.2532045223446344
5621,0.5751878579474562
5622,0.26210059929170315
5623,0.5099920313804318
5624,0.6085284420093169
5625,0.2572867879964006
5626,0.32177779960825414
5627,0
5628,0.32128951720416
5629,0.30052093126132284
5630,0.25790558002817265
5631,0.33666332671957466
5632,0.24864636114827576
5633,0.3398271103070256
5634,0.25742237218739444
5635,0.8569908715813903
5636,0.35293871696397316
5637,0.34125403560695505
5638,0.5178496455438727
5639,0.3980082983470244
5640,0.41287128560063335
5641,0.2850984857746459
5642,0.11453175021628673
5643,0.6584147355097725
5644,0.39847544647489347
5645,0.2398829070410583
5646,0.2727870338391185
5647,0.36556448214327725
5648,0.4719845171326652
5649,0.37223983013469575
5650,0.46578383227902054
5651,0.7570756941795932
5652,0.3535520383903406
5653,0.30947582632045445
5654,0.05597237555542889
5655,0.32649058208881476
5656,0.3184920941729503
5657,0.031744086401133936
5658,0
5659,0.10660926287067218
5660,0.3200187534987217
5661,0.23459859709252617
5662,0.3452794486128519
5663,0.08090251792714304
5664,0.12363648554743237
5665,0.04837647157445579
5666,0.1395130942541677
5667,0.2841766898101411
5668,0.6417282591691822
5669,0.5671080828404464
5670,0.2974865887578929
5671,0.7347525156793446
5672,0.3222085274323674
5673,0.4624535407496086
5674,0.7134353095820827
5675,0.306628676281737
5676,0.36626652178288394
5677,0.23517220737957029
5678,0
5679,0.4943024557316281
5680,0.47043678095992914
5681,0.2485507185227765
5682,0.3747317740558697
5683,0.5446562766236356
5684,0.03543443531463997
5685,0.1512371085184049
5686,0.09821762287627217
5687,0.16943822971118289
5688,0.4066690645561522
5689,0.6879941320391352
5690,0.6900898590797337
5691,0.3446670220298416
5692,0.23927225741901753
5693,0.6662574626061525
5694,0.16068117513235808
5695,0.12033206478120792
5696,0.3991508440363293
5697,0.6384474174849606
5698,0
5699,0.04447763591533796
5700,0.4714922703125082
5701,0
5702,0.05263356419166354
5703,0.14374793907016684
5704,0.5085354447991417
5705,0.4920198963191117
5706,0.5461537995711524
5707,0.2553601142167079
5708,0.6302452439307805
5709,0.39927416707580987
5710,0.3608547276132044
5711,0.3760378555611341
5712,0
5713,0.4048634921705768
5714,0.25397752917494165
5715,0.4384671480356411
5716,0.45037703697356685
5717,0.2864589841963449
5718,0.3592090807635343
5719,0.19522169852823462
5720,0.7618467582747468
5721,0.029692783740915996
5722,0.30537068211607443
5723,0.2941010649620586
5724,0.41511372516712514
5725,0.1506098065881403
5726,0.8553018565310745
5727,0.14605813581626526
5728,0.11675839235617322
5729,0.3333903931653061
5730,0.3574222578133769
5731,0.2265369465326738
5732,0.13848439884665253
5733,0.2765207114656464
5734,0.45908518450370456
5735,0.2753551673583778
5736,0.25075030274219956
5737,0.34121470482767957
5738,0.09003879253455699
5739,0
5740,0.5234670692906217
5741,0.417093218681822
5742,0.018510975453384315
5743,0.28521114686109095
5744,0.08695939940486715
5745,0.21043557969143925
5746,0.11917323214208345
5747,0.5537069005044195
5748,0.46397825597299575
5749,0.2736969851245982
5750,0.2599640090683803
5751,0.5285128127082472
5752,0.22658843708419868
5753,0.19646720570408646
5754,0.33731135265432155
5755,0.13648331413143994
5756,0.4595245570468987
5757,0.46289679026141795
5758,0.0855491006520675
5759,0.3931786859843047
5760,0.4794229091387855
5761,0
5762,0.28049248232730484
5763,0.0449666330439111
5764,0.3714638790429734
5765,0.28855446229105874
5766,0.5178019792775814
5767,0.15479427432410675
5768,0.22649339028081172
5769,0.540160201093008
5770,0.3710993300810231
5771,0.062487191587633356
5772,0.4580125327132151
5773,0.07663072242740798
5774,0.17708996535161434
5775,0
5776,0.3051332518234535
5777,0
5778,0
5779,0
5780,0.4743743773204545
5781,0.5783386372718686
5782,0.16501172634653527
5783,0.3196145124578183
5784,0.4694878330060419
5785,0.541621220369038
5786,0.37968875432058574
5787,0.22314808980921205
5788,0.5341024232446302
5789,0.013064947641996227
5790,0
5791,0.11106955073988517
5792,0.6998298313643345
5793,0.4621263981909573
5794,0.4257713782708293
5795,0.3007970382553198
5796,0.4038028229603406
5797,0
5798,0.39041460325196314
5799,0.3763117815386307
5800,0.645186274601283
5801,0.2646747246795992
5802,0.2201266334085455
5803,0.38195535654049406
5804,0.2950850097321005
5805,0.4985452231766899
5806,0.05142392015307917
5807,0.20918207544681028
5808,0.43207362638126723
5809,0.3204730255954674
5810,0.5590389300113686
5811,0
5812,0.5248221462965958
5813,0.5158457803596271
5814,0.2508605791704948
5815,0.8349400125042453
5816,0.40706603882646064
5817,0.4280820015372746
5818,0.2498562296439511
5819,0.1704262305375061
5820,0.5403608019586403
5821,0.1680715251546333
5822,0.4598093511497033
5823,0.42591353922642455
5824,0
5825,0.2915569295031165
5826,0.17979419881676056
5827,0.2643360098539878
5828,0.32087185941950686
5829,0.5659005791167365
5830,0.0802808172640799
5831,0.3181843176919727
5832,0.4586622402209289
5833,0.46620810843002114
5834,0.1690306082071369
5835,0.4889692795622023
5836,0.12994555018193185
5837,0.30823816230109136
5838,0.6774668858036291
5839,0.3706530440595912
5840,0.16413940882730355
5841,0.5085893700938452
5842,0.3083876847843353
5843,0.35258080703776334
5844,0.8216916908873606
5845,0.0621513593807454
5846,0.5752068310478708
5847,0.2502638576725756
5848,0.839189076194174
5849,0.2877114680193471
5850,0.6721732193329052
5851,0.04081343677325461
5852,0.24035669736118176
5853,0.33295674109792417
5854,0.442669061307872
5855,0.6605472042229324
5856,0.06966807887904497
5857,0.32338511051635777
5858,0.6763732213664754
5859,0
5860,0.5909788149996132
5861,0.19698392642565105
5862,0.07003646291777696
5863,0.44484786390711056
5864,0
5865,0.4741151307298636
5866,0.24795661676807912
5867,0.7187877659029198
5868,0.20517340243530977
5869,0.25890996736081856
5870,0.2206870809961633
5871,0
5872,0.4441753083736003
5873,0.25073312906663325
5874,0.2663801237657906
5875,0.21312892999051394
5876,0.5071718185579912
5877,0.17650326023104412
5878,0
5879,0.33291780144832206
5880,0
5881,0.26485234793527623
5882,0.6054906365120202
5883,0.4488284883901209
5884,0.26818528382384377
5885,0.37962171971225517
5886,0.22083449106595
5887,0.2523976124502608
5888,0.60324563053389
5889,0.17277616122123218
5890,0.5869620836552005
5891,0.24503900711507548
5892,0.3367332146063331
5893,0.44702891756726665
5894,0.525891222785497
5895,0.6266228650449615
5896,0.40952955317477585
5897,0.21883586324930876
5898,0.5269892684459576
5899,0.3234172312739
5900,0.5913759938433729
5901,0.21567326071031856
5902,0.27482474079389124
5903,0.2861571642961723
5904,0.31789396809075654
5905,0.36185486941569944
5906,0.272467556306942
5907,0.3158077661044622
5908,0.3825110428979559
5909,0.40279200464143544
5910,0.7256924861651941
5911,0.21438375064916387
5912,0
5913,0.3645009804614512
5914,0.07667806373769973
5915,1
5916,0.28722353837474196
5917,0.3353283384803333
5918,0.37354573470354097
5919,0.5779324422592105
5920,0.2620307899236568
5921,0
5922,0.35273281457900196
5923,0
5924,0.6517485579246486
5925,0.16913752808777122
5926,0.38057055939573414
5927,0.5517230699932805
5928,0.04140926972881054
5929,0.4314563165685556
5930,0.2698520145886029
5931,0.2656733253071104
5932,0.12096817115790531
5933,0.2671031574893292
5934,0.5721119743116767
5935,0.49499968457439686
5936,0.5255070375254136
5937,0.25688109380425295
5938,0.19904250397062367
5939,0.29437444137414953
5940,0.4026641243787668
5941,0.6401899366553039
5942,0.2363798173423615
5943,0.3156184963778301
5944,0.2905240819152417
5945,0.8521307639417137
5946,0.3203558586906003
5947,0.5825849452917897
5948,0.7157517489936354
5949,0.12744015669849182
5950,0.3745882160302003
5951,0.47278438594003613
5952,0.2214602865170629
5953,0.3364225295436225
5954,0.04619917335821247
5955,0.6016965205265083
5956,0
5957,0.6752252733376884
5958,0.9481931979586687
5959,0.26906341724475646
5960,0.46567765332849226
5961,0.626242551574613
5962,0.46096684243611075
5963,0.6558919969626337
5964,0.727615212457708
5965,0
5966,0
5967,0.5243358154801355
5968,0.1151947676791788
5969,0.1814556056668692
5970,0.580824879992685
5971,0.3613814320934505
5972,0.5638116726897632
5973,0.37406361041755515
5974,0.4787150438263553
5975,0.3946890507857896
5976,0.12955820205673782
5977,0.5183835293318344
5978,0.14607455385511625
5979,0.45969179836164986
5980,0.28823758491619056
5981,0.32458745573885994
5982,0.6156542268963496
5983,0.03188663577634002
5984,0.4144792926587847
5985,0.12644916963800862
5986,0.43720640321103715
5987,0.021816355974065005
5988,0.32304645955291583
5989,0.3753588171150581
5990,0.5140616279357286
5991,0.3209929883768867
5992,0.5035575057871143
5993,0.3722450905164473
5994,0.16489768142010808
5995,0.9447167606232751
5996,0.439780549533647
5997,0.4178378911379612
5998,0.5130870584191893
5999,0.2619601342149447
6000,0.2983654073379517
6001,0.5932885020564936
6002,0.15378667217744799
6003,0.39112463353216814
6004,0.40899890852528226
6005,0.7065215967582705
6006,0.8352748316552983
6007,0.40624115181809967
6008,0.6602087539721515
6009,0.3589447037325325
6010,0
6011,0.3930704997594317
6012,0.20504895025393383
6013,0.661379292918723
6014,0.27172169317967904
6015,0.38209603341771425
6016,0.25307209362793015
6017,0.5853668968480683
6018,0.39432827760161415
6019,0.0811663789448499
6020,0.37280635483161695
6021,0.36301780411412726
6022,0
6023,0.42760216136612683
6024,0.5398740332970509
6025,0.3536415123866731
6026,0.26749415026725937
6027,0.15730295646885756
6028,0.19582961495967632
6029,0.29998632063185876
6030,0.36981383980617355
6031,0.2579479557822723
6032,0.43544873083201413
6033,0.038582039980069496
6034,0.6866403064035391
6035,0.4000601488437978
6036,0.3957208330368659
6037,0.6554896712344525
6038,0.42707867679570277
6039,0.3182167903014611
6040,0.6344291341658297
6041,0.4980351184652796
6042,0.36720341180210136
6043,0.44529147885163356
6044,0
6045,0.4131159034721575
6046,0
6047,0.2515390225129355
6048,0
6049,0.22889004426835285
6050,0.15878565938288997
6051,0.24358748676978947
6052,0.2709382980667849
6053,0.8995608570491384
6054,0.26280666037755757
6055,0.30967223087226237
6056,0.26174901587216454
6057,0.22508719165116162
6058,0.4576080536747629
6059,0.6692676331201743
6060,0.07606114501173789
6061,0.4449567630574509
6062,0.6780270988074522
6063,0.4949814885730717
6064,0.39070011651346614
6065,0.27247967954294994
6066,0.23087238572617025
6067,0.30277173221565207
6068,0.24260122721354674
6069,0.6529265967662152
6070,0.126919589650829
6071,0
6072,0.22165841641728282
6073,0.2955112116801164
6074,0.067296310908178
6075,0.38484648038668756
6076,0.53267328190492
6077,0.25292559280166593
6078,0.08477518345916071
6079,0.7842521652579861
6080,0.16962813621061973
6081,0.30155781686825606
6082,0
6083,0.5727979540586415
6084,0.0808744100081637
6085,0.41241622840234504
6086,0.3890068080007028
6087,0.4928928203253371
6088,0.9108576524959406
6089,0.8545075174884931
6090,0.3357391793931974
6091,0.5332839163282828
6092,0.24418149572158374
6093,0.2529411563652611
6094,0.1786442761557902
6095,0.6266105798120944
6096,0.4988708867707371
6097,0
6098,0.1590489366231903
6099,0.31451255739942174
6100,0.602128146845486
6101,0.4001448426913175
6102,0.2832954015862936
6103,0
6104,0.35047204212923444
6105,0.9208029183367274
6106,0.5399124079585085
6107,0.5335744970603257
6108,0.40846171423124067
6109,0.28425683628261733
6110,0.4090430051236276
6111,0.21490113480399953
6112,0.6549292039849884
6113,0.6676430787611058
6114,0.33112806267880546
6115,0.5455747738754626
6116,0.609473078018311
6117,0.2822190612570857
6118,0.40669835878701044
6119,0.06118217732723025
6120,0.12233534051822736
6121,0.18773909228400473
6122,0.11206674055319404
6123,0.5493727442240075
6124,0.3715730110009787
6125,0.09650149790968228
6126,0.3652424781221335
6127,0.30097960610203073
6128,0.31183292497849935
6129,0.2539228466792771
6130,0.07724269326759572
6131,0.20871914292453597
6132,0.313445804212064
6133,0.5767816103888518
6134,0.2166880707761004
6135,0.13974386752138887
6136,0.510592612729565
6137,0
6138,0.444413066457106
6139,0.039052995883316566
6140,0.11187980208331166
6141,0.14114411946904304
6142,0.22970737907840919
6143,0.5051238629973496
6144,0.02552381653878738
6145,0.024846439899334577
6146,0
6147,0.10048250742114644
6148,0.33896349483115695
6149,0.6036366887224893
6150,0.22378223854861062
6151,0.5487527133780967
6152,0.27810743498599566
6153,0.616439709740566
6154,0.5537698070720223
6155,0.4913938599377409
6156,0
6157,0.29173349714373537
6158,0.615226114563153
6159,0.7742903590855146
6160,0.5772165305931634
6161,0.24406472958948908
6162,0.41699507723473517
6163,0.2815125097762834
6164,0.289512853284219
6165,0.1769450794414651
6166,0.5474449628571537
6167,0.511595750440205
6168,0.17168544125619453
6169,0.4151641952141476
6170,0
6171,0.40707020896141655
6172,0.3778101017652028
6173,0.266772588600278
6174,0.39636547780180015
6175,0.4619105690741317
6176,0.1542053285004894
6177,0.468109704992222
6178,0.1257875336274633
6179,0.23241364671496004
6180,0.02607139593162608
6181,0.44924095009660014
6182,0
6183,0.06345281052453278
6184,0.3252120436496025
6185,0.46512542038934684
6186,0.253859089137047
6187,0.1354556349264598
6188,0.5575965123428438
6189,0.3626371583132626
6190,0.37160481624644665
6191,0.3886260680242856
6192,0.17696621383517663
6193,0.6845632715953158
6194,0.2255691966271725
6195,0.2982830724729406
6196,0.2730234526232802
6197,0
6198,0.19459324544586942
6199,0.6220074550187819
6200,0.4326973961134333
6201,0.41998822868197505
6202,0.6701929408341093
6203,0.3316136841613124
6204,0.7122399427970552
6205,0.3069607812553962
6206,0.5442832559086641
6207,0.42599519111241
6208,0.37699860025735255
6209,0.49691431334019875
6210,0.5233165397953677
6211,0.69331399573642
6212,0.11123236022611865
6213,0.6133138170394589
6214,0.42551770365463243
6215,0.557727716411248
6216,0.0990875067237467
6217,0.2891669934954225
6218,0.29054364198756527
6219,0.1286783336036952
6220,0.6068063292640584
6221,0.41630377045537914
6222,0.6402430207979544
6223,0.29603165826886385
6224,0.9256880429530039
6225,0.2917022637899368
6226,0.8803009513441845
6227,0.3672222572981954
6228,0.37660568560005575
6229,0.15697295611905143
6230,0.5823622474611614
6231,0.39877282721286433
6232,0.3475911267040476
6233,0.43960738534338506
6234,0.40594332963025
6235,0
6236,0.21632853172642222
6237,0.11453773538157586
6238,0.12414322558972812
6239,0.5516549198803197
6240,0.5131659954128421
6241,0.5192739427048394
6242,0.2549842464186991
6243,0.632112822715542
6244,0.2162115263498593
6245,0.5580998798297873
6246,0
6247,0.48945686922006404
6248,0
6249,0.5301752826834941
6250,0.1340175589689163
6251,0.29799350876840724
6252,0.4567903294838919
6253,0.3761037708668596
6254,0.14102836093651713
6255,0.23903702997259124
6256,0.4874634022358104
6257,0.0931269884907974
6258,0.36474412288199964
6259,0.6797294994026561
6260,0.3288915487562655
6261,0.4923655936350767
6262,0.14915445879269135
6263,0.9660690241812774
6264,0.1078977152074195
6265,0
6266,0.35837137122714535
6267,0.2535107105522226
6268,0.808030013678467
6269,0.42855566160483927
6270,0.6492875678902349
6271,0
6272,0.3937243306464532
6273,0.1660874185372896
6274,0.7556330697369489
6275,0.27856922756769587
6276,0.5172647142238681
6277,0.5108034374128348
6278,0.47161523294506236
6279,0.22425042104456655
6280,0.14596202431851218
6281,0.5223394362411872
6282,0.1610211839178445
6283,0.4604122739941804
6284,0.6510484657453419
6285,0
6286,0.5724936594674128
6287,0.17088285449941112
6288,0.3346189720166385
6289,0.4253958087437105
6290,0.2546387098336053
6291,0.7119799366358227
6292,0.4343693958471756
6293,0.42460454458679486
6294,0.8608383074750681
6295,0
6296,0.4990200563411536
6297,0.24162600041222052
6298,0.23959279073842923
6299,0.2508957277014995
6300,0.3225320386425982
6301,0.47582876366126525
6302,0
6303,0.0330653616772108
6304,0.09802232884366688
6305,0.34240350261508246
6306,0.3366622584504467
6307,0.497143103094767
6308,0
6309,0.19770974226032875
6310,0.19065446227562244
6311,1
6312,0
6313,0.5913395750127696
6314,0.0721855335141246
6315,0.12945267599589594
6316,0.36580739758578035
6317,0.36033071213286955
6318,0.27812758930565945
6319,0.3491153965184537
6320,0.4341840545543135
6321,0.20715235385423933
6322,0.06056534023380242
6323,0.4749967463755572
6324,0.45321344995811635
6325,0.16973190173474034
6326,0.014657384801647688
6327,0.3719664635738855
6328,0.016907143241319006
6329,0.5674099878616148
6330,0.05432980369904922
6331,0.8548418125315331
6332,0.6800242945712135
6333,0.24937602317348007
6334,0.2312347696008457
6335,0.3524255006935427
6336,0.02958129563154746
6337,0.02082756645792999
6338,0.19832682851365463
6339,0.39704006274632525
6340,0.4160184169541825
6341,0.5898058835580617
6342,0.04108046288249251
6343,0.13009811228236898
6344,0
6345,0.07783850081864846
6346,0.4704308068747324
6347,0.4781263575562017
6348,0.28532859197003474
6349,0
6350,0.6613997232001576
6351,0.013260386726180295
6352,0
6353,0.3589179017633662
6354,0
6355,0.348850868818763
6356,0.18387696464841158
6357,0.4740313840421903
6358,0.27117083521999913
6359,0.56306204617663
6360,0.4060891674400565
6361,0.44053562538524077
6362,0.8177076264628795
6363,0.5824830771919657
6364,0.25830003390164735
6365,0.4095496595574708
6366,0.29156826066848013
6367,0.38696544749622075
6368,0.3522407247007203
6369,0.7457377139997006
6370,0.11416423248450727
6371,0
6372,0.3365167128608153
6373,0.6423857171031037
6374,0.4598387238426225
6375,0.8438177241568185
6376,0.4013834314563189
6377,0.3754284172863794
6378,0.46596699353604776
6379,0.6381004747424135
6380,0.4382541294980437
6381,0.2808236917404718
6382,0.418706113730515
6383,0.250030190347968
6384,0
6385,0.08885549625736727
6386,0.3956599840307433
6387,0.6925132853965195
6388,0.29834857145428373
6389,0.7975444705986225
6390,0.23089638080146477
6391,0.4238211335939459
6392,0.40607291487791713
6393,0.08639630424613612
6394,0.25045602393002475
6395,0.6414147905905063
6396,0.29854155755029405
6397,0.3829761799007637
6398,0.31256879529026893
6399,0.10260160443846239
6400,0.242416866224341
6401,0
6402,0.21414124876270843
6403,0.380980175381157
6404,0.24067110869542876
6405,0.3922838647510121
6406,0.057074372032377585
6407,0.21994952449128125
6408,0.05749405062572638
6409,0.7936044048083957
6410,0.43792230210793576
6411,0.6579825121046509
6412,0.7010318437442977
6413,0
6414,0.5774742938132333
6415,0.20699825820580695
6416,0
6417,0.6055179741237261
6418,0.2991051008177695
6419,0.27648983657453124
6420,0.5747228084221522
6421,0.4042592765374622
6422,0.02090247527802072
6423,0.19322174504268802
6424,0.6643501734418352
6425,0.3417031247140562
6426,0.6854853522805102
6427,0.3129072861411047
6428,0
6429,0.5186574545682843
6430,0.8163241004786784
6431,0.23997192690009173
6432,0.22276156424528537
6433,0.5778705638680619
6434,0.6362088603880776
6435,0.6157865965171303
6436,0
6437,0.07897024466271702
6438,0.19273131694718007
6439,0
6440,0.3053126903322113
6441,0.32719676791474006
6442,0.3320567955518449
6443,0.2694248646913017
6444,0.6456670014360283
6445,0.45175296725829617
6446,0.04217813651225871
6447,0.07220541478654953
6448,0.23706122601892018
6449,0.9949042310405534
6450,0.38520341212525044
6451,0.3685405794592704
6452,0.640472469371376
6453,0.6615131293340435
6454,0.33475933792752477
6455,0.15714524465494129
6456,0.6292827730901042
6457,0.027940855318526414
6458,0.20841839944958218
6459,0
6460,0.4907813274433305
6461,0
6462,0.07820123757078284
6463,0.3087217331696241
6464,0.2741093876429799
6465,0.19725179660096848
6466,0.15550052294378702
6467,0.047124246109060464
6468,0.1701175130307667
6469,0.19282312759637843
6470,0.6725034737551038
6471,0.12464991642653761
6472,0.3172538049926586
6473,0.22413320440404072
6474,0.32362042044860256
6475,0.3077786953373026
6476,0.214741090182354
6477,0.5836276546773548
6478,0.47916798093341323
6479,0.2130115137074225
6480,0
6481,0.17358747805749264
6482,0.23760380919743912
6483,0.41758319775132924
6484,0.207429213972038
6485,0.5281480074206372
6486,0.6226257703529059
6487,0.013682036744355724
6488,0.6648429398169513
6489,0.0853413869661413
6490,0
6491,0.41413399812343055
6492,0.22453847352761458
6493,0.37431338001542624
6494,0
6495,0.34739954488642755
6496,0.6010493279456862
6497,0.34871495742397673
6498,0.21539274766673364
6499,0.40428539842280165
6500,0.26204636106933593
6501,0.2200550676951425
6502,0.5176110804654046
6503,0.23784685684320336
6504,0.545319180323551
6505,0.49455530884578924
6506,0.28460075465123946
6507,0.5052544771970351
6508,0.15661091330161586
6509,0.2746717543598848
6510,0.2378321797095202
6511,0.22538494845464374
6512,0.7029605251799698
6513,0.6713659515721355
6514,0.4849129299675605
6515,0.12204368692724521
6516,0.6407665331506742
6517,0.43271664161817697
6518,0.10128344359648929
6519,0.3280632185925744
6520,0.3525655935263001
6521,0.3332648727673676
6522,0.2117399029901227
6523,0.6043904920916827
6524,0.10736618419888636
6525,0.12731689528197287
6526,0.45839950300017973
6527,0.4363810571134227
6528,0.7577738600939814
6529,0.40367860398206445
6530,0.2418943102007357
6531,0.7617311863699885
6532,0.2562626377688999
6533,0.46842667705072627
6534,0.5902190068429465
6535,0.09027311114748024
6536,0.20821224397944355
6537,0.09191337937040711
6538,0.5129110554906554
6539,0.6079453599330487
6540,0.48209128561171644
6541,0.49861207838623933
6542,0.3019444536042268
6543,0.17673592665570115
6544,0.4544739543481393
6545,0.7208533631519117
6546,0.2974917472040033
6547,0.4582316459580573
6548,0.2282728230079433
6549,1
6550,0.7497683578692976
6551,0.2986769905997552
6552,0.5111474569646408
6553,0.5186854380401437
6554,0.25887990947699824
6555,0.3371772349692373
6556,0.12214069598654981
6557,0
6558,0
6559,0
6560,0.5698123549655498
6561,0.14006704523694416
6562,0.21787913148700092
6563,0.4616910549854563
6564,0
6565,0.39443370269680916
6566,0.8533156490522711
6567,0.14315456704866864
6568,0.5100972343250654
6569,0.3939872934398159
6570,0.349783012786052
6571,0.1454071887945417
6572,0.21310176049507684
6573,0.24099897810921095
6574,0.5287885137479732
6575,0.20275058603161047
6576,0.27932263966571247
6577,0.2527496543932053
6578,0.13133923845415407
6579,0
6580,0.47387747485497
6581,0
6582,0.5347264067449637
6583,0.6248764555167143
6584,0.0387437025790133
6585,0.3543695237584952
6586,0.4680082773461035
6587,0.5442169443339844
6588,0.30760702859621164
6589,0.13717790733562069
6590,0.12199305858525819
6591,0.14794657672390438
6592,0.6329873421027392
6593,0.5890547166107918
6594,0.40215680796901754
6595,0.24722863024807729
6596,0.4001023866072336
6597,0.44814949520682335
6598,0.6057436425727856
6599,0.25596360842475424
6600,0.26796122708803993
6601,0.304537474579885
6602,0.4433650824066654
6603,0.4904312392999197
6604,0.4136970238619853
6605,0.5998335489768175
6606,0.37844365517587975
6607,0.4714737216375422
6608,0.6780477959547749
6609,0.18117334239523514
6610,0.2799732772556492
6611,0.40867909195262747
6612,0.3687828364447056
6613,0.5850712281409964
6614,0.6560081099336077
6615,0.3089798946283133
6616,0.3768361087554991
6617,0.29905909997796626
6618,0.8103719828148335
6619,0.43357813085482877
6620,0.09417933924950037
6621,0.29551199190784655
6622,0.656464775016145
6623,0.21261717470582278
6624,0.18644931615567145
6625,0.6010410642241006
6626,0.45529893180485054
6627,0.35965641060847675
6628,0.3112827013642795
6629,0.5321993443440649
6630,0.6194911832317762
6631,0.13259374491294212
6632,0.31889212965603514
6633,0.4045588453429968
6634,0.3998129935483447
6635,0.22153948590684724
6636,0.36415032211456005
6637,0.29669320980387515
6638,0.4348848524986731
6639,0.20814114449733323
6640,0.20462059637593952
6641,0.4497300167929532
6642,0
6643,0.5146145349987344
6644,0.17950045370189516
6645,0.18255338226917123
6646,0.33724811258205273
6647,0.2278673024961993
6648,0.23246626338770088
6649,0.4136800514968444
6650,0.20955314408847076
6651,0.08646851731420807
6652,0.44617550655045574
6653,0.24864057609230358
6654,0.6252361805150632
6655,0.40475755530355934
6656,0.09579346956321882
6657,0.015283136343520881
6658,0.2001419129771887
6659,0.3811591756812001
6660,0.1543189060544356
6661,0.3635076165611886
6662,0.5853320116241953
6663,0.6370701923406171
6664,0.3202913510373496
6665,0.27334260238741037
6666,0.47629226150792664
6667,0.7206671196204804
6668,0.6320813118833881
6669,0.5305271449764044
6670,0.5439823160958357
6671,0
6672,0.08243627231639089
6673,0.7905241366537246
6674,0.6719875811689392
6675,0.4592758273402383
6676,0.19341897962540971
6677,0.3195111277424726
6678,0.37211782084338646
6679,0
6680,0.2438297030566458
6681,0.4600748092018515
6682,0.3149282379895492
6683,0.387189086708939
6684,0.5248349293825949
6685,0.36098205222924024
6686,0.787061682333168
6687,0.33730128471553844
6688,0
6689,0.4128366021494887
6690,0.345624236784656
6691,0.36227042251404423
6692,0.4067925173841572
6693,0.3314809906043732
6694,0.6928374773826602
6695,0.2004002932452904
6696,0.20432053042254128
6697,0
6698,0.40268255365659067
6699,0.5518429934677425
6700,0.42148245644964866
6701,0.7628227142408759
6702,0.3296539066166806
6703,0.3845745773086766
6704,0.5413881668720083
6705,0
6706,0.54498991081089
6707,0.029720386211003424
6708,0.3863903184002768
6709,0.19087182803513236
6710,0.5176131450244558
6711,0.20472512149261812
6712,0.1622773512725497
6713,0.3766007868972817
6714,0.19237945428902303
6715,0
6716,0.5156924572862434
6717,0.11013794978077823
6718,0
6719,0.6230461211880829
6720,0.27829895273246064
6721,0.4006820103537256
6722,0.5782983876807727
6723,0.25387046387018763
6724,0.3576488018331348
6725,0.43514027428718915
6726,0
6727,0.43911453957124363
6728,0.188507425008196
6729,0.2932520262986049
6730,0.23342127656113468
6731,0.24531930259968346
6732,0.23884991166735076
6733,0.39242739730638887
6734,0.4663635576974645
6735,0.2576798138792147
6736,0.3989704433207665
6737,0
6738,0.7115523587482244
6739,0.3546746809007571
6740,0.10514385284567582
6741,0.2597477540429549
6742,0.12079173396059206
6743,0.5278328761630584
6744,0.53311058872686
6745,0.031924209058432074
6746,0.6676038699781683
6747,0.5088777199089878
6748,0.37181794782134314
6749,0.16457801691725715
6750,0.4622339195247921
6751,0.386409569937716
6752,0.2360683513882397
6753,0.711118412853278
6754,0.15920175019890875
6755,0.6440574330345165
6756,0.34378852945778793
6757,0.44634476594637995
6758,0.73517188832276
6759,0.3242077814951705
6760,0.6843440900421089
6761,0.17904458761382488
6762,0
6763,0.24640304566434584
6764,0.3797359705985078
6765,0.5320468344686173
6766,0
6767,0.09108841857627678
6768,0.25892776677940904
6769,0.42391074589704125
6770,0.6920696982048545
6771,0.513526905329245
6772,0.5478953674190489
6773,0.2562228957276904
6774,0.40294807093614815
6775,0.39048415586824575
6776,0.19963931400619467
6777,0.18632865037509172
6778,0.220368349503755
6779,0.12588409066165482
6780,0.13753196223625758
6781,0.5088756056297448
6782,0.858548359447205
6783,0.022882864381243262
6784,0.1429315146525817
6785,0.17491186806705933
6786,0.23388331334608434
6787,0.549772382660834
6788,0.5951286207797954
6789,0.6340827503265246
6790,0.4756663438450906
6791,0
6792,0.3412925549432441
6793,0
6794,0.13068545663276437
6795,0.3427891344995702
6796,0.1871713870729778
6797,0.32093736265016715
6798,0.18304003285023623
6799,0.4877442788696086
6800,0.6454434505086346
6801,0.21082418912055007
6802,0.6009603346448515
6803,0.3163583835629263
6804,0.4885967066809837
6805,0.14024419342844913
6806,0.6870065360382857
6807,0.2667808610606991
6808,0.409088197414989
6809,0.2454685930573216
6810,0.35325078592813525
6811,0.11789460285405187
6812,0.4610804887699598
6813,0.3947282924627027
6814,0.23165404956804075
6815,0.09791887519036613
6816,0.10875810342694917
6817,0.45552027724599375
6818,0.6125235225972628
6819,0.10994099635427787
6820,0.49698027434798364
6821,0.12052773157063104
6822,0.21176244249532886
6823,0.4516371685765228
6824,0.2517297086811103
6825,0
6826,0.2999253425608557
6827,0.30703013927457345
6828,0.32245934485669625
6829,0.21419698908272566
6830,0.07089996152312383
6831,0.0468789557495687
6832,0.5694040429090328
6833,0.19201622715709762
6834,0.4436808701588183
6835,0.29713699177168923
6836,0.10994646653146653
6837,0.5725384311905313
6838,0.009757410239850023
6839,0.33808068684739334
6840,0.18434360045448422
6841,0.11222324618983309
6842,0.2887410197799548
6843,0.6653549339605646
6844,0.17931921969403314
6845,0.27590921924714606
6846,0.0939267441374953
6847,0.22321315290707672
6848,0.45557898393732377
6849,0.02769997203641844
6850,0.32868320488009556
6851,0.35207993513653674
6852,0.34953174390547087
6853,0.023585955600214703
6854,0.3650608577131053
6855,0
6856,0.23327821208408356
6857,0.0991480132902722
6858,0.33398431840397474
6859,0.0077444298624304575
6860,0.5397384356376045
6861,0
6862,0.2147695230419866
6863,0.499144587159959
6864,0.8218972782430551
6865,0.3139766895242998
6866,0.5548036828872404
6867,0.2525446055279742
6868,0.36008393259456356
6869,0
6870,0.329451923522076
6871,0.5501176115043254
6872,0.4979409362998748
6873,0
6874,0.043531901246493865
6875,0.08973361929134804
6876,0
6877,0.136443304799735
6878,0.12486277797928502
6879,0.476782065913865
6880,0.46610547927577084
6881,0.27579977777976894
6882,0.5649560568668359
6883,0.500824212098574
6884,0.23188574627405495
6885,0.5007531652124158
6886,0.39087062808245976
6887,0.31564363328896383
6888,0
6889,0.1016169898228787
6890,0.4294365349108712
6891,0.3381795852524479
6892,0.28497741105046764
6893,0.31053302567363245
6894,0
6895,0.13281209203037564
6896,0.14990830196122204
6897,0.3472042975199654
6898,0.21676872577236816
6899,0.5338660412287723
6900,0.4356605184550458
6901,0.2086105547114233
6902,0.3425220752999699
6903,0.3688255229854964
6904,0.1890894431240061
6905,0.5479291081175915
6906,0.3321272454034155
6907,0.19602289343617307
6908,0.6165934803855758
6909,0.14961426514411902
6910,0.4560051109036595
6911,0.9343113867633723
6912,0.2337091273425743
6913,0
6914,0.3123513035382402
6915,0
6916,0.3378007423786325
6917,0.47087316440586147
6918,0.4552125395483211
6919,0.13522981767389575
6920,0.1253306743159618
6921,0.5748142277322233
6922,0
6923,0.4261697376572765
6924,0.4789898406450297
6925,0.7077424092801292
6926,0.6056165989442905
6927,0.5076572090625033
6928,0.24042795674740822
6929,0.47029751625499916
6930,0.08242528238371744
6931,0.4111183771410316
6932,0.27302408469595907
6933,0.3081844027701579
6934,0.24266625917471907
6935,0.21881741574924818
6936,0.2182781528164
6937,0.43559986962142827
6938,0.247469959037263
6939,0.4489557238935663
6940,0.3832055558190561
6941,0.17103484918328835
6942,0.3671299284569698
6943,0.38203753570981713
6944,0.6343453368335735
6945,0.23885289306606453
6946,0.33459936844169774
6947,0.4608367581728311
6948,0.3325048327194533
6949,0.13677274339598325
6950,0.11991427091016586
6951,0
6952,0.05078928534527766
6953,0.6352454470009181
6954,0.27574473545094746
6955,0.21063872580401927
6956,0.392958149979049
6957,0.1984453639615183
6958,0.46643163423086403
6959,0
6960,0.34300349422759063
6961,0.347204652786056
6962,0.4041930395996089
6963,0.31315950872482456
6964,0.05607731212390707
6965,0.009928283207868038
6966,0.4364020247272984
6967,0.5605670468632062
6968,0.6648805754429796
6969,0.38034865846632887
6970,0.34106170277656994
6971,0.5002820914474156
6972,0.7870489556767265
6973,0.5911544003201004
6974,0.20399858372045054
6975,0.0635795932225092
6976,0.07587092468787932
6977,0.07342155732460134
6978,0.5076955524194259
6979,0.07416340459693932
6980,0.20878044855550712
6981,0.3897658747044942
6982,0.6542793761376774
6983,0.493544590375359
6984,0.28046708193736947
6985,0.4421259859956127
6986,0.36159140421053004
6987,0.5867774328587401
6988,0.47998145122640706
6989,0.397292558196629
6990,0.5677854787964056
6991,0.12937001656805622
6992,0.36755419500306813
6993,0.24842554283984183
6994,0.6794126739688503
6995,0.2016249908308857
6996,0.5026188677606012
6997,0.6398283559566232
6998,0.72683180324618
6999,0.06188184011797476
7000,0
7001,0.1965815104506382
7002,0
7003,0.3820097721349033
7004,0.1368066533836428
7005,0.26607702736427513
7006,0.24113208540830455
7007,0.3850926213980967
7008,0.19424224817996208
7009,0
7010,0.4359475715536448
7011,0
7012,0.19207531239154474
7013,0.37468709618216095
7014,0.33190749578221035
7015,0.4814422430681845
7016,0.3203592832154094
7017,0.18712379329363246
7018,0.35806770748719674
7019,0.055974878070005285
7020,0.2181755746469322
7021,0.69074707753272
7022,0.23288996141542856
7023,0.4559092616094818
7024,0
7025,0.24759555155470964
7026,0.6986869450624185
7027,0.16767666818432456
7028,0.22791402481020806
7029,0
7030,0.11730146146964576
7031,0.4557312732437381
7032,0.30820891192041444
7033,0.8187881958831114
7034,0.13747856021342597
7035,0.2875909270862284
7036,0.15135051004570435
7037,0.27253546002644324
7038,0.3402869995075928
7039,0.7746273165794438
7040,0.4276683050732603
7041,0.09917996136084223
7042,0.543308317887203
7043,0.4130345902689391
7044,0.11986368154256677
7045,0.42225655230425796
7046,0
7047,0.05469726630796978
7048,0.4049784686738703
7049,0.34589410457936126
7050,0.271576495608754
7051,0.37717324400031216
7052,0.673372395397775
7053,0.3438130931770765
7054,0.16657288466737227
7055,0.5235448823476759
7056,0.2413160569212479
7057,0.12662893740059306
7058,0.6635484847291472
7059,0
7060,0.3727024600849895
7061,0.4226027688272307
7062,0.5168376329600411
7063,0.5279738554584081
7064,0.22722509410403435
7065,0.23273035107474593
7066,0.31838382265469833
7067,0.019908326028420686
7068,0.43652606749498174
7069,0.3240278444747251
7070,0.006571031355287971
7071,0.25190092077481185
7072,0.44705953864947734
7073,0.6003573544148357
7074,0.4470268968771237
7075,0.3616887216806602
7076,0.06692565120245669
7077,0
7078,0.17543511651954827
7079,0.2466393830182295
7080,0.24937765628157677
7081,0.46965320986226106
7082,0.19768337821515178
7083,0.18137048263565203
7084,0.5742066974214068
7085,0.37616443492819185
7086,0.5163136854246623
7087,0.20654852711291433
7088,0.25266008181514016
7089,0
7090,0.14966223490161656
7091,0.24908465748651581
7092,0.09567333972160291
7093,0.19956246854952445
7094,0.3914440350147924
7095,0.34763631732418143
7096,0.3607473106900264
7097,0.6228302879081489
7098,0.3385420946050038
7099,0.09892774358226422
7100,0.4306958854585535
7101,0.4374044935652013
7102,0.3140434481811145
7103,0.547886635098256
7104,0.58192863128356
7105,0.07283142073756349
7106,0.48830823205173324
7107,0.2727618830886948
7108,0.3899750489348665
7109,0.5307846181746068
7110,0.08001488399851409
7111,0.442082794050076
7112,0.19789832200933227
7113,0
7114,0.5734369780627596
7115,0.49189510663010805
7116,0.48458661998796304
7117,0.28765652445642453
7118,0.4814165619962134
7119,0.5500587487713035
7120,0.2432566051844357
7121,0.46976319074144884
7122,0.25315268658571155
7123,0.37239145792603956
7124,0.36087394528849387
7125,0.07965739649249193
7126,0.6889694412471983
7127,0.5378517516730892
7128,0.43193318267696706
7129,0.39566580664513246
7130,0.6642991545487198
7131,0.5340727707265746
7132,0.21475980200399478
7133,0.6180497991971524
7134,0.5328628449659041
7135,0.1901566536027931
7136,0
7137,0.5363085870262543
7138,0.2085409641362641
7139,0.3365434639577266
7140,0.7180613363628752
7141,0.8157442899789067
7142,0.31830461067474664
7143,0.42950957257036637
7144,0.4252290819770942
7145,0.4767874056983962
7146,0.602315813510323
7147,0.22300480099882988
7148,0.05696660634971111
7149,0.4609448407867949
7150,0.48769883672209297
7151,0.19826177846799817
7152,0.5066304356409633
7153,0.2761831307149804
7154,0.19836496734775982
7155,0.15576323076112292
7156,0.5880850164596693
7157,0.11553621050751361
7158,0.2109587591412034
7159,0.11361690488543041
7160,0.03176304076518058
7161,0.1634302606264571
7162,0.5589402194857472
7163,0.4907579755519938
7164,0.2530493429021581
7165,0.3352327046155344
7166,0.622798105348485
7167,0
7168,0.0798410166992845
7169,0.31172156299731657
7170,0.4602852062517852
7171,0.21281090270536332
7172,0.492576664892186
7173,0.2711260182021701
7174,0.167056589620232
7175,0.579716145391956
7176,0.08166163716220204
7177,0.6008675456012385
7178,0.4961639779067902
7179,0.3101576422735943
7180,0.32295156487659615
7181,0.7488689512224165
7182,0.6156809621107032
7183,0.039626648633039
7184,0.16903141585935427
7185,0.1877957357538702
7186,0.32763293218282086
7187,0.006894676556306545
7188,0.563029022740874
7189,0.5921347066177729
7190,0.5497769512244187
7191,0.12904163632541754
7192,0.4934939318213867
7193,0.07259917553948442
7194,0
7195,0.14669770574932184
7196,0.8938671963133238
7197,0.1328877592401494
7198,0.25887484461087773
7199,0.15988766652003222
7200,0.3814569948332295
7201,1
7202,0.35559349885314917
7203,0.22933004106727434
7204,0.18091635422456767
7205,0.2823363003393644
7206,0.5321701807634014
7207,0.3365037677770784
7208,0.13558361370039101
7209,0.14849988480598025
7210,0.5451014458051617
7211,0.2571353311200294
7212,0.4858637126124839
7213,0.3064884363621142
7214,0.5033499888468685
7215,0.2872193045970154
7216,0.9118450572592315
7217,0.18141070812456883
7218,0.2968394380652201
7219,0.21761040959954545
7220,0.5000769180997292
7221,0.21907997004987737
7222,0.3746141817978938
7223,0.05807393379721833
7224,0.3208113229504616
7225,0.3961289958323011
7226,0.49861289560535177
7227,0.09192129432882559
7228,0.16590641212003565
7229,0
7230,0.30415452303657725
7231,0.6465727942710044
7232,0.5912231489423456
7233,0.2471375190365909
7234,0.20971075031363468
7235,0.38285015177685194
7236,0.21372540156179637
7237,0.407083114707859
7238,0.52116358137234
7239,0.5087768156294438
7240,0.10812031684114365
7241,0.3768443766898873
7242,0.18354445328155364
7243,0.5011789355593178
7244,0.2649109760828087
7245,0.5096594347489675
7246,0.4794648451126544
7247,0.45444046509198543
7248,0.857383775382655
7249,0.6504423609471397
7250,0.31582431612800055
7251,0.21359887852972564
7252,0.20871320043714495
7253,0.37041664794074913
7254,0.20571229289838677
7255,0.004859062738006792
7256,0.5588562316191373
7257,0.15656674927199052
7258,0.012618308652062538
7259,0.5397064191251665
7260,0.5279202844037231
7261,0.06266945309899241
7262,0.6117368516104764
7263,0.5798945355599225
7264,0.6254927300111149
7265,0.3666450818332179
7266,0.2794509476485171
7267,0.17868325488660522
7268,0.5698922057349026
7269,0.01598458075275358
7270,0.5088122379018201
7271,0.24527717439902244
7272,0.1756906125865211
7273,0.13000491768318512
7274,0.4685179562470334
7275,0.38375218713635584
7276,0.2564402702720742
7277,0.19093865307562
7278,0.04835128364765787
7279,0.2694619808723116
7280,0.3331837145289876
7281,0.14307587904795116
7282,0.38922904631401134
7283,0.29465785229781216
7284,0.5092737374651581
7285,0.37873431015364034
7286,0.22612418198841505
7287,0.41525286966900654
7288,0.2600594725575612
7289,0.3287538245124863
7290,0.5034038648041379
7291,0.21064628584340872
7292,0.10051693848468718
7293,0.6216079018109146
7294,0.40877257699406533
7295,0
7296,0.16669211934264955
7297,0.18789243528988975
7298,0.5655400516598511
7299,0.015524965192010243
7300,0.41911792819543847
7301,0.3164552000503363
7302,0.35061947353120326
7303,0.17124873713728306
7304,0.2248390558055164
7305,0.3705977505381314
7306,0
7307,0.7341471940423908
7308,0.5728063474964071
7309,0.2917164856628513
7310,0.8325876898175189
7311,0.3294498755831955
7312,0.5176515145345767
7313,0.3356688409196531
7314,0.13777882387798623
7315,0.007844167997433343
7316,0.21624468540337982
7317,0.02885642312080189
7318,0.43370884106775753
7319,0.2827876917819978
7320,0.21629051509780015
7321,0.7095302783459975
7322,0.3175089389412681
7323,0.18020815051710148
7324,0.7597790852540305
7325,0.2309007040554852
7326,0.2781219786605949
7327,0.36059098988257493
7328,0.5132523169008322
7329,0.4647829939046484
7330,0.40615577789922536
7331,0.41778602335466997
7332,0.4455972881914974
7333,0.7141448504635359
7334,0.6756224241842645
7335,0.5021199319743656
7336,0.11243113175325095
7337,0.15627590775033312
7338,0.594567949141886
7339,0.290044348642768
7340,0.09188427410568645
7341,0.4404874433148897
7342,0.3252854360435883
7343,0.6258197014659614
7344,0.24578345542874405
7345,0.22115822490829246
7346,0.2503709006107148
7347,0.2023728908671733
7348,0.6175984841441193
7349,0.5169971177170644
7350,0.3739946946863963
7351,0.5827781440372644
7352,0.22090506745921723
7353,0.2265885873890885
7354,0.31806315936393903
7355,0.3799755887276195
7356,0.5247095493881972
7357,0.09304782971436404
7358,0
7359,0.19713672899835627
7360,0
7361,0.5141406384292386
7362,0.2817525301870255
7363,0.3765470203655628
7364,0.15689645462438978
7365,0.22163089943928016
7366,0.2565216132727876
7367,0.565169508039704
7368,0.4641882009017606
7369,0.6292607541792378
7370,0.5068954413334796
7371,0.3159595672589064
7372,0.218964162526709
7373,0.049593456366029645
7374,0
7375,0.3109013482554167
7376,0.0965259651692334
7377,0.3641540980895561
7378,0.27059722701718436
7379,0.0041464348590999345
7380,0.062835010735169
7381,0.11750757618629368
7382,0.5555316827736538
7383,0.10554515573508522
7384,0.32255195914638435
7385,0.6127983152875764
7386,0.49947685639797335
7387,0.6283267192243899
7388,0
7389,0.5941412150316943
7390,0.22051483746289355
7391,0.11682279950126073
7392,0.34704404518215237
7393,0.5440795403912086
7394,0.4910749353856616
7395,0.40510916312534984
7396,0.46089560187289774
7397,0.6675385979128505
7398,0.28015105791987716
7399,0.21953517253096558
7400,0.5364147118511119
7401,0
7402,0.2837185599587019
7403,0.49920088273264007
7404,0.44018784564254493
7405,0.2270698512339177
7406,0.23722349071454765
7407,0.2447319627160943
7408,0.198788858568713
7409,0.06060945902866355
7410,0.2809686389062648
7411,0
7412,0.24466612188729953
7413,0.41351605120307666
7414,0.017432928839189454
7415,0.7605872175507056
7416,0.8015244864934923
7417,0
7418,0.6991482968796194
7419,0.5661550338668193
7420,0.41237585109471553
7421,0.3113404865189394
7422,0.1863299111380805
7423,0.3394258223919819
7424,0.7578115748388166
7425,0.11261955563858529
7426,0.7371655768753018
7427,0.3201531889685922
7428,0
7429,0.3930712686828064
7430,0.6035071789380245
7431,0.368922259282897
7432,0.07107494887695409
7433,0.26976891050373814
7434,0.2098467046690004
7435,0.2221513200387563
7436,0.35934156889840163
7437,0.19840330069070283
7438,0.2885670108880135
7439,0.6150088502581035
7440,0.2122041609185769
7441,0.24863900167736658
7442,0.00895764375380051
7443,0
7444,0.27192420258533034
7445,0.22907443561595434
7446,0.12926263592578102
7447,0.5632084395001027
7448,0.15030463909316183
7449,0.6568221420315998
7450,0.27402925827069635
7451,0.0722842158522361
7452,0.3275964538231923
7453,0.14245260665021278
7454,0.7334780601358983
7455,0
7456,0.28935029304910287
7457,0.35975681100613555
7458,0.2404538002916465
7459,0.707781843161911
7460,0.4790095419942439
7461,0.6108908257002701
7462,0.2831202179909152
7463,1
7464,0.5340146197328229
7465,0.33927273047317935
7466,0.06996075442344774
7467,0.43607844422745434
7468,0.28842246988106635
7469,0
7470,0.3110988444857837
7471,0.24505700504887926
7472,0
7473,0
7474,0.09427575608816913
7475,0.01105331600535947
7476,0.4086147358255347
7477,0.34061921835674097
7478,0
7479,0.32967806065390126
7480,0.4325818285362308
7481,0.513279683268831
7482,0.44047068344344115
7483,0.43590125180368117
7484,0.3999900347628387
7485,0.10650091441866907
7486,0.571863472174406
7487,0.7165627081865661
7488,0.3676302228736454
7489,0.20714064271984362
7490,0.4318317456888857
7491,0.4096115121018189
7492,0.39031890006601677
7493,0.8288760329454332
7494,0.5332658198057929
7495,0.4295090385057313
7496,0.1987855250673456
7497,0.6399650943637467
7498,0.305216356834049
7499,0.4360268953367548
7500,0.5538838672784165
7501,0.500875611142023
7502,0.37360186261216743
7503,0.2889902083884402
7504,0.5760033199951553
7505,0.5073462329063373
7506,0.2982033672595823
7507,0.19687967303697052
7508,0.13600330852001924
7509,0.586041849242681
7510,0.23734010334742078
7511,0
7512,0.33706885316243607
7513,0.1015126143929474
7514,0.47941981697738945
7515,0.39480699702663263
7516,0
7517,0.697463015988421
7518,0.6513257275082638
7519,0.47873610979709247
7520,0.17195234642775004
7521,0.2613420806639531
7522,0.45529224404291285
7523,0.6368072590562694
7524,0.005625459503800556
7525,0.7561605575339079
7526,0.06104864205565058
7527,0.10304990911617534
7528,0.20458505539931165
7529,0.4374952098314829
7530,0.0718006452802023
7531,0.7402633113267434
7532,0.6195775378602599
7533,0
7534,0
7535,0.8713306647931838
7536,0.1571800715383573
7537,0.04388594132430451
7538,0.32911098258111987
7539,0
7540,0.4352832444644536
7541,0.4724715307967632
7542,0
7543,0.7271773376857393
7544,0.6675668687337141
7545,0.5799293650258565
7546,0.31659731520609713
7547,0.08781240511198196
7548,0.34936994436942503
7549,0.27113695983756125
7550,0.37112891010507115
7551,0.6467715686853196
7552,0.4325111529023268
7553,0.2499859309433634
7554,0.4673134791671167
7555,0.56631212049932
7556,0.27970553240641677
7557,0.15933758277360105
7558,0.2610141486780331
7559,0.6261850892405234
7560,0.2907106740026187
7561,0.4587877644767168
7562,0.31826877907587453
7563,0.47487232833578635
7564,0.27659059808947045
7565,0.4790513093467102
7566,0.32508214505709887
7567,0.43420667845272476
7568,0.8076283372974178
7569,0.4242001370136933
7570,0.5773107844071469
7571,0.2562182255134413
7572,0.16849272975816687
7573,0.1376647755724936
7574,0.5181078128160642
7575,0.5410293388823426
7576,0.5185329829868415
7577,0.18663987290763956
7578,0.33239549220931464
7579,0.43883994989279257
7580,0.7907745890443436
7581,0.2610682070555397
7582,0.3843274012080657
7583,0.6173194108100336
7584,0.5332236838225587
7585,0.31164713403648947
7586,0.49706490655725766
7587,0.29668869350993915
7588,0.47966530319552686
7589,0.14859268167246356
7590,0.08534612275127063
7591,0.25564910636884025
7592,0.6526177325513091
7593,0.47838566037467534
7594,0.2710348376120953
7595,0.37302645114579214
7596,0.6831460800426347
7597,0.277943178826741
7598,0.8162377908729312
7599,0.11171728479071685
7600,0.2535013331045962
7601,0.5756981300477193
7602,0.37501787489723704
7603,0.6300968905242863
7604,0.3344832809830656
7605,0.5068631443976199
7606,0.48920823523278445
7607,0.40096006431303893
7608,0.7261482893354081
7609,0.2902123766776098
7610,0.5961846582207684
7611,0.5155094268718137
7612,0.1348035576271213
7613,0.6391280712376712
7614,0.5522770171388135
7615,0
7616,0.4270925556955454
7617,0.9116484246707637
7618,0.16082929021997056
7619,0.23975746799626863
7620,0.2384144024195722
7621,0.05235171121195287
7622,0.31008997936726895
7623,0.40808511199561764
7624,0.5741517830178046
7625,0.4393564472302076
7626,0.5211409689365766
7627,0.49397895207090314
7628,0.05592645639288696
7629,0.2935065794137902
7630,0.4060921322866368
7631,0.3596827732445763
7632,0.30701773020089157
7633,0.660060131297155
7634,0.10668269726575247
7635,0.31933048446907153
7636,0.4055467950350103
7637,0.2317180507351097
7638,0.14658471911864657
7639,0.7160236907895063
7640,0.07313362847832408
7641,0.5556544407699378
7642,0.35857744324188223
7643,0.5039628628394814
7644,0.20877631501126004
7645,0.23184592185766104
7646,0.3891937097960325
7647,0.21924665212720665
7648,0
7649,0.06995061868126562
7650,0.08001071355733663
7651,0.6232374144027515
7652,0.6030008666467128
7653,0.19818069971149338
7654,0.541871566291676
7655,0.1779041433936873
7656,0.36072997456968353
7657,0.4664808556546921
7658,0.2793075043154324
7659,0.5406152040750758
7660,0.371397338327147
7661,0.44295604901398417
7662,0.49744527899083035
7663,0.05843448222477332
7664,0.383389605844748
7665,0.3289802857357217
7666,0.3070454825382339
7667,0.8232285281428378
7668,0.41914038896614725
7669,0.43995571308089665
7670,0.2714939819479776
7671,0.5377099978266162
7672,0.6019855964255469
7673,0.12719383898901784
7674,0.200940711733545
7675,0.30945505965281594
7676,0.24364331347745402
7677,0.36652512718010294
7678,0.055543556240526426
7679,0.40851082673430444
7680,0.007471208541617702
7681,0.2057119229662088
7682,0.24071386432800435
7683,0.20982723866886552
7684,0.4185242018797414
7685,0.43508159148831305
7686,0
7687,0.15934738991635433
7688,0.25941124524779235
7689,0
7690,0.5185768713670644
7691,0.163261850247633
7692,0
7693,0.1282055512094887
7694,0.09541643317413806
7695,0.4606356002020707
7696,0.28832437803210265
7697,0.2107196270759276
7698,0.07721207136011604
7699,0.28720591704945836
7700,0
7701,0.3625510405470663
7702,0.22950936896519494
7703,0.5808961851975074
7704,0.38811636440897457
7705,0.30565556644577413
7706,0.4393004878399179
7707,0
7708,0.27289246749737595
7709,0.5614615802607927
7710,0.18342276202024477
7711,0.5835417010106344
7712,1
7713,0
7714,0.3317130184602184
7715,0.43944038303819777
7716,0.4164941518625104
7717,0.13607938105354905
7718,0
7719,0.2969355577694489
7720,0.6383392185619232
7721,0.04015320455641491
7722,0
7723,0.5036172856078404
7724,0.33225767748757684
7725,0.5846333316511694
7726,0.15735082072261072
7727,0.5091602454880791
7728,0.2321745858972393
7729,0.1039244814511473
7730,0.3648693118209383
7731,0.7392384306007078
7732,0.08303152769258806
7733,0.39433256170630243
7734,0.16123896853403497
7735,0.5121203358501906
7736,0.19192605752240022
7737,0.2590029398867269
7738,0.4537496981377608
7739,0.24262766317667478
7740,0.38412196750339045
7741,0.14066127125117506
7742,0.2366655567778152
7743,0.2605260394690215
7744,0.5797580308054353
7745,0.5280473616685479
7746,0.5588957666417037
7747,0.4640483606249804
7748,0.19167528470605258
7749,0.40214834125920695
7750,0.41450607499063186
7751,0.4559549207901561
7752,0.19533722702944384
7753,0.1406263561585396
7754,0.302110960992513
7755,0.07916370498094989
7756,0.205034581148561
7757,0.14916772831320094
7758,0.3716068598373318
7759,0.5837897349738045
7760,0.369956512706335
7761,0.23533674850138062
7762,0.23464431657656148
7763,0.6268722277874658
7764,0.24630899652718383
7765,0.3400333646932752
7766,0.06857567896281469
7767,0.20289689619430426
7768,0.18018121686581462
7769,0.4300125949236529
7770,0.49999616860522644
7771,0.09892221157379494
7772,0.2660135929965517
7773,0.3291216468682457
7774,0.28007451959739627
7775,0.5225420350998576
7776,0.4078409490302515
7777,0.40763561591937764
7778,0.1860709335582717
7779,0.606337399285974
7780,0.39928899119190336
7781,0.5434871849691649
7782,0.41722770803155973
7783,0.2269057131618539
7784,0.20745223216843403
7785,0.6872745310095509
7786,0.030912143984297563
7787,0
7788,0.3282232241664472
7789,0.28518636847048295
7790,0.5165033500369728
7791,0.0706622532364708
7792,0.7407678442071586
7793,0.19906202599468323
7794,0.32056287375276504
7795,0.18671898589491387
7796,0.45734629807858257
7797,0
7798,0
7799,0.5298412799061709
7800,0.5239184285534801
7801,0.20786206330315687
7802,0.2501834227231167
7803,0.6599584647477312
7804,0.28348910347176526
7805,0.2346643376196782
7806,0.5230424890593042
7807,0.3417318497369285
7808,0.5439410477086257
7809,0.08145852096033745
7810,0.12273358111441621
7811,0.27502901901074245
7812,0.03700881913745513
7813,0.17594319839230066
7814,0.042495083175861925
7815,0.1155361692090725
7816,0.7093311253598055
7817,0.01679090335716857
7818,0.9136394078691104
7819,0.1295896119575687
7820,0.36369418953267707
7821,0.5254450823444062
7822,0.563763077058442
7823,0.37030217540487037
7824,0.3482435223838381
7825,0.46734856349237597
7826,0.4177628771422799
7827,0.5416164668139867
7828,0.6510054048093441
7829,0.14994104834782518
7830,0.7141633304161328
7831,0.151135538378723
7832,0.567946019768542
7833,0.4445019371416438
7834,0.4466685253345374
7835,0.5061561334948285
7836,0.3460683684716544
7837,0.8958538836028349
7838,0.7078553442028247
7839,0.5201141902731724
7840,0.36493326400483644
7841,0.21826924599024883
7842,0.3636137505271743
7843,0.46874495588191
7844,0.3679904204736195
7845,0.19346535146740274
7846,0.22122748122239688
7847,0
7848,0.14275618934233697
7849,0.5433548225652867
7850,0.3573643396456704
7851,0.24556822235085324
7852,0.2238929915054661
7853,0.39640338239345496
7854,0.3205078804756224
7855,0.4654819928377447
7856,0.41140520623400245
7857,0.3882200828783592
7858,0.15242304611909258
7859,0.09647069622609039
7860,0.5095982486877965
7861,0.18425818526903795
7862,0.09732880741450539
7863,0
7864,0.5348939065528979
7865,0.4248277140335363
7866,0.4520089002463247
7867,0.4952049025323702
7868,0.002575570243928682
7869,0.18808389447111365
7870,0.35692013861723676
7871,0.4620865474673268
7872,0.12908248543035647
7873,0.37229155004494185
7874,0.3457552718855033
7875,0.22503816164229573
7876,0.6537247953101073
7877,0.18425600013677784
7878,0.2137587405227133
7879,0.3359210164121504
7880,0.5341889659943176
7881,0.09179873326962784
7882,0.380796259328121
7883,0.373659280727109
7884,0.8231030880025061
7885,0.17052861897920812
7886,0.5836332981287432
7887,0.40479327795037257
7888,0
7889,0.34904452251398677
7890,0.4757580821142388
7891,0.4575016665032621
7892,0.20556075549102706
7893,0.22750483584824738
7894,0.22420982531821276
7895,0.03219434307832664
7896,0.2540616126503302
7897,0.6997230209631418
7898,0.3773095561653588
7899,0.40914800752685143
7900,0.07854797156203652
7901,0.3115474560434736
7902,0.495629675265872
7903,0.448471692863338
7904,0.1220888346031857
7905,0.5638528904964522
7906,0.04431185192144435
7907,0
7908,0.09264036472217148
7909,0.2911373962997963
7910,0.4335396284039401
7911,0.5581672046967976
7912,0.3869973690398804
7913,0
7914,0.4035490003315683
7915,0.3207210096888484
7916,0.22720797375472251
7917,0.11622217754589848
7918,0.3387460661146329
7919,0.6820327743052903
7920,0.5979523195139841
7921,0.2974867418998156
7922,0.03509524725997995
7923,0.17205661214292095
7924,0.5147946326644377
7925,0.09477274254931445
7926,0.3002234485032725
7927,0.3818937473278419
7928,0
7929,0.4851737846219247
7930,0.11084435948046645
7931,0
7932,0.4509464751794523
7933,0.6131377872779673
7934,0.34130512185791684
7935,0
7936,0.43174220787869644
7937,0.28372982840076677
7938,0.46403684181844396
7939,0.10886073949505168
7940,0.2445248364527682
7941,0.6027032632383834
7942,0
7943,0
7944,0.47783942111795163
7945,0.51437708693718
7946,0.9097705691485043
7947,0.3720692300890793
7948,0.39122198525212215
7949,0.03876890356902632
7950,0.7373632092592957
7951,0.43488137461522797
7952,0.2440967548453384
7953,0.4246681519874767
7954,0.1390634441026204
7955,0.4571361640268719
7956,0.5755148528615968
7957,0.44419950335680564
7958,0
7959,0
7960,0.28363923370671085
7961,0.362271697538988
7962,0.3254961693773428
7963,0.22160511966106805
7964,0.6360446427984989
7965,0.5075569457881305
7966,0.2694501853988578
7967,0.18903900769201026
7968,0.5397360989017288
7969,0.4266408754626827
7970,0.06836177840510205
7971,0.3872749058042467
7972,0.18690340605700329
7973,0.5624428085099563
7974,0.0830768135658691
7975,0.7214116563421191
7976,0
7977,0
7978,0.5673061505271026
7979,0
7980,0.2995247893528018
7981,0.5572006443741618
7982,0.4154647731870301
7983,0
7984,0.3093146596937422
7985,0.32952242189720865
7986,0.5313432298733158
7987,0.3089767895360298
7988,0.39270786002073826
7989,0.43444490698504024
7990,0.35411718373780554
7991,0.40446982700834777
7992,0.6234841984743484
7993,0.6376527985003746
7994,0.1548470900969726
7995,0.29102729873006317
7996,0.22286954717019977
7997,0.11816851724511426
7998,0.44093731323128627
7999,0.010750739579962698
8000,0.30337642132993814
8001,0.2842670038831636
8002,0.257427603087779
8003,0.23243709056989315
8004,0.2737321131367618
8005,0.608063562447443
8006,0.2004937010035206
8007,0.1846778864195226
8008,0.04621210691925867
8009,0.4920781558914564
8010,0.5198316725327787
8011,0.40634151166963456
8012,0.3695821597062409
8013,0.15104553029320048
8014,0
8015,0.6011923939177424
8016,0.5152024541316363
8017,0.23202094067258705
8018,0.19964914006031
8019,0.21960485391726978
8020,0.458786602143694
8021,0.38135237306636816
8022,0.46934492382546733
8023,0.3269951739324181
8024,0.38942629466808665
8025,0.3495989374002226
8026,0.36955450382671284
8027,0
8028,0.6535976627996671
8029,0.5009425280219667
8030,0.47952907429978064
8031,0.23707400463930556
8032,0.22546882384812184
8033,0.18479484390845302
8034,0.10561590036099378
8035,0.41858626962953804
8036,0.2998135086002843
8037,0.09896628855135733
8038,0.17053109704726796
8039,0.13496994876850085
8040,0.3153085462255963
8041,0.4334478869302476
8042,0
8043,0.4712662960585088
8044,0.4595305107376468
8045,0.5105829975041514
8046,0.17896148426214395
8047,0.32301665261252305
8048,0.5216794745927291
8049,0.6864702890318845
8050,0.19172683609983948
8051,0.36653532549392887
8052,0.4115373511472622
8053,0.3998494934904161
8054,0.3243133025538144
8055,0.23306214128669875
8056,0.11028942987567483
8057,0.30601841379993006
8058,0.3600282950158322
8059,0.14330844516814745
8060,0.5867275041088048
8061,0
8062,0.8309192191092536
8063,0.04789151392718588
8064,0.3664492844061895
8065,0.1653657878721111
8066,0.8627965314598943
8067,0.0012919027420075502
8068,0.33640027603955497
8069,0
8070,0.07007735398637856
8071,0.26151130560010716
8072,0.2773125307984345
8073,0.16791334187684906
8074,0.4247778734066757
8075,0.6901941356354444
8076,0.24527973889162805
8077,0.028120819657945273
8078,0.2797862900969237
8079,0.3005588955276384
8080,0.3359480349311219
8081,0.2588634506355802
8082,0.17740196830201366
8083,0.026882561528517035
8084,0.39560255239605774
8085,0.20124731360021558
8086,0.1577123344755179
8087,0.38341996292417146
8088,0
8089,0
8090,0.1456426946577677
8091,0
8092,0.5354771685858769
8093,0.12688698651155608
8094,0
8095,0.3485368838966529
8096,0.45812215533610834
8097,0.16544556264137678
8098,0.4448489919805365
8099,0.7767105193914272
8100,0.7471074966999067
8101,0.11454926192086418
8102,0.48046877034940166
8103,0.6543132108599156
8104,0.6813256008697773
8105,0.678100362689386
8106,0.5916823511162467
8107,0.1818029599592973
8108,0.22119484702417755
8109,0.8134163968224712
8110,0
8111,0.47540900536820563
8112,0.13560886206535344
8113,0.5641160732497194
8114,0.17477169508024015
8115,0.5847345753318278
8116,0.2921196096716304
8117,0
8118,0.7443495442144943
8119,0.1766755841951632
8120,0.847170976997283
8121,0.4376611541814813
8122,0.0880513853276575
8123,0.4261330905617009
8124,0.624291974026654
8125,0.45485020249392155
8126,0.39554280150247684
8127,0.02076605701419562
8128,0.17669115641727712
8129,0.19692736964336877
8130,0.4776229593505178
8131,0.21792056490229184
8132,0.2183205317627145
8133,0.05418480664617262
8134,0.640930989531893
8135,0.3026593817775816
8136,0.1949414486210729
8137,0.026063234554539294
8138,0.5244676103286194
8139,0.012564894283315975
8140,0.21843655988338512
8141,0.30754335450327747
8142,0.4539415475134126
8143,0.3444432493269593
8144,0.21610944943280563
8145,0.3247901409709226
8146,0.4447854841267918
8147,0
8148,0.22452565527165297
8149,0.01654168838208081
8150,0.30837142191761385
8151,0.24922872262994072
8152,0.18011241464530195
8153,0.30974369129735213
8154,0.27230399883476714
8155,0.5301071241471348
8156,0.7275827272742151
8157,0.23638228892959184
8158,0.40163123396249134
8159,0.5404890902537264
8160,0.45546544144443224
8161,0.05238046890953213
8162,0.43355136290780283
8163,0.2586231396136198
8164,0.4840746162697938
8165,0.48148423275709495
8166,0.5587983560042976
8167,0.5013501406603315
8168,0.3423602336118974
8169,0.438880407825347
8170,0.49000044654505875
8171,0.46916722544296846
8172,0
8173,0.16863624293004342
8174,0.25161071080640435
8175,0.5284107663773567
8176,0
8177,0.5013771487386999
8178,0.2908882690877662
8179,0.04765318189102463
8180,0.6550276168623232
8181,0.4073638015884062
8182,0.0717700702033594
8183,0.25143545565104125
8184,0.3227443529950899
8185,0.4356714630661271
8186,0.513737572835927
8187,0.14172463090407997
8188,0.006785666232342946
8189,0.4114055524133635
8190,0.2108803824427944
8191,0.12396501194341461
8192,0.8375422470919178
8193,0.6628983138151058
8194,0.4471592882447962
8195,0.3799264313123507
8196,0.33670243485089485
8197,0.24860815332212005
8198,0.412481419147709
8199,0.3702548833014662
8200,0.586182059685253
8201,0.458996533188185
8202,0.28499088660486416
8203,0.09603326572001086
8204,0.44696470241393466
8205,0.5122819613614784
8206,0.05569321216167547
8207,0
8208,0.6283324504460278
8209,0.04114090460411088
8210,0.4047830286291238
8211,0.41067497126041164
8212,0.11700389944520662
8213,0.3392126204220778
8214,0.3010417575830071
8215,0.6299040581663432
8216,0.23277315928907333
8217,0.30412519175130875
8218,0.38257697846702804
8219,0.24431249682548345
8220,0
8221,0.09334357231470725
8222,0.36382857033743227
8223,0.3831046278504058
8224,0.017085421539710488
8225,0.12209573407243335
8226,0.3495172038355079
8227,0.2786930294481858
8228,0.6190249531125305
8229,0.26322788001642733
8230,0.49914663071907506
8231,0.24137447794484426
8232,0.35526631776494966
8233,0
8234,0.5898955454574032
8235,0.21848904456116963
8236,0.3249011531460076
8237,0.1851213938406729
8238,0.09136521734956454
8239,0.3362482322531767
8240,0.011926133545484385
8241,0
8242,0.543283614350699
8243,0.6930635405656569
8244,0.10701739526744442
8245,0.20522577923052265
8246,0.3201878614024945
8247,0
8248,0.1594610862028073
8249,0.7357667608460606
8250,0.4566733746252435
8251,0.5823444658578916
8252,0.37836082879063293
8253,0.10162174827509765
8254,0.4190018736083821
8255,0.11405373416692324
8256,0.42751376645057926
8257,0.22156688111969397
8258,0.17247615180188108
8259,0.4614905794529283
8260,0.45454974692527483
8261,0.2561019381431686
8262,0.1720146603894383
8263,0.4096723876363952
8264,0.2907845496118489
8265,0.4266402091525043
8266,0.2703783514400969
8267,0.19299501291074012
8268,0.6353402808842332
8269,0.5683561448228214
8270,0
8271,0.6337282380516358
8272,0
8273,0.11657792032697416
8274,0.2038754905651867
8275,0.26663292041708186
8276,0.37044152621134885
8277,0.5459106528275477
8278,0.22557640091899514
8279,0.44037321416817016
8280,0
8281,0.29366461382608683
8282,0.19447924385056187
8283,0.12780347127162428
8284,0.5566299940424062
8285,0.08171142888692498
8286,0
8287,0.352620783129151
8288,0.3734761125583981
8289,0
8290,0.616909389721871
8291,0.37804271810455425
8292,0.5000643364287735
8293,0.04100322599013101
8294,0.520199523585375
8295,0.44586850622860785
8296,0.21366699139124987
8297,0.44962389706898465
8298,0.4116847625311786
8299,0.28225267712184504
8300,0.3440833266680354
8301,0.4227052328979234
8302,0.5298386270039427
8303,0.5530871259843528
8304,0.32493886317800763
8305,0.44570071671233447
8306,0.21738306912118943
8307,0.0612464135675638
8308,0.38403760118351393
8309,0.31727601490550705
8310,0.032794470531343045
8311,0.3462825874238638
8312,0.29877790286147343
8313,0.3582280865043289
8314,0.6692959544564483
8315,0.032746039467658555
8316,0.19708008786251754
8317,0.3828795840252708
8318,0.1372306854521521
8319,0.08849452051217087
8320,0.08325613952064329
8321,0.44487667698029265
8322,0.43681080693274305
8323,0.7246971947879335
8324,0.11329152043851021
8325,0.20821164285659793
8326,0.4164791653423892
8327,0.5319869241785282
8328,0.40972375779363757
8329,0.3990181513219652
8330,0.6019642799925843
8331,0.34260064903480847
8332,0.6010321447953224
8333,0.20832321884078053
8334,0.3436985040072991
8335,0.4058533746752021
8336,0.2559797294516987
8337,0.37054087998219126
8338,0.44641240430383583
8339,0.037904692467523926
8340,0.5049230286060286
8341,0.2746810276549096
8342,0.32732277739481414
8343,0.23332064097868996
8344,0.3320800996961765
8345,0.2477320035053783
8346,0.40170354681439036
8347,0.25510768996046096
8348,0.2659273001338796
8349,0.4098452819428561
8350,0.3845576936255263
8351,0.46495497178283257
8352,0.32005387862686563
8353,0.27518685616142075
8354,0.6016289325844908
8355,0.16906746533489025
8356,0.21200464488749757
8357,0.19908989818086287
8358,0.6383407736748934
8359,0.2279944298394799
8360,0.2923062464130442
8361,0.5689389937929256
8362,0.10213971305497233
8363,0.07096740882106894
8364,0.16837608024639275
8365,0.6167567445435616
8366,0.03653703953314319
8367,0.3532229196768257
8368,0.18672511595403332
8369,0.2596419006754628
8370,0.5141262948861318
8371,0.6216410916820891
8372,0.12130845096620216
8373,0.23045109279393608
8374,0
8375,0.3430619607838369
8376,0.5855732797566765
8377,0.16859847146948914
8378,0.08015709615605482
8379,0.40685292935986733
8380,0.5934683433507736
8381,0.5468574518768841
8382,0.48373841085418867
8383,0.4887444930889303
8384,0.052272144577099056
8385,0.5327883557608911
8386,0.35741679649449537
8387,0.532622530972751
8388,0.6814604181196176
8389,0.7702232836619427
8390,0.5240097589393303
8391,0.5456643740506191
8392,0.3514920632433498
8393,0.5038029483903059
8394,0.13478835273128487
8395,0.09202041618133541
8396,0.7901928526886434
8397,0.44800478209493455
8398,0.43655931726006836
8399,0.3488395094558819
8400,0.39604071484061804
8401,0.2097645659375521
8402,0.40458465281098094
8403,0.2577225388751202
8404,0.4058590253444991
8405,0.1567270418623582
8406,0.059301403268802066
8407,0.48860904384460024
8408,0.5579289840396473
8409,0.3228883744299365
8410,0.40029500924559824
8411,0.2570645895168232
8412,0.2982854634778343
8413,0.3322187473646877
8414,0.1516282392265511
8415,0.13081176112465903
8416,0.29938637796556383
8417,0
8418,0.569356535905478
8419,0.037960378733303324
8420,0.12176604932448432
8421,0.19396235090631855
8422,0.1279825303448202
8423,0.5436684538888912
8424,0.11518863500810206
8425,0.44474771912727973
8426,0.4954762116797763
8427,0.07403929996162056
8428,0.32073828097469803
8429,0.5104964620294573
8430,0.3874652694055283
8431,0.09649516145773243
8432,0.874052953812034
8433,0.7767551779952937
8434,0.5623861382059633
8435,0.3408261484309593
8436,0.4196698736052697
8437,0.37219845343073976
8438,0.583737968565375
8439,0.20058815801826713
8440,0.5991607775990183
8441,0.2375396431674212
8442,0.45177555186696616
8443,0.5937465975128751
8444,0.6833544796378734
8445,0.09427328843711386
8446,0.4662163574855266
8447,0
8448,0.4174025859632251
8449,0.2601596411019976
8450,0.6948693067725312
8451,0.10872663741585668
8452,0.38047293403155213
8453,0.2924989962896624
8454,0.2656938005370826
8455,0.556307497949534
8456,0.3952709979248182
8457,0.38888138769055997
8458,0.16139499455685952
8459,0.5310002436180583
8460,0.20570076160179399
8461,0.3593189891603337
8462,0.3505312092007106
8463,0.2812482729053021
8464,0.612647504585651
8465,0.43317483218582553
8466,0.346819114934062
8467,0.3164135613993759
8468,0.3569590502593111
8469,0.04027070426094964
8470,0.4046483251869058
8471,0.3714336859377271
8472,0.43423878057198395
8473,0.3488141896707223
8474,0.2073467474628467
8475,0.08512367959014727
8476,0.3331127549856596
8477,0.1646117100099797
8478,0.9428940205401932
8479,0.015436129232817286
8480,0.45722704814182413
8481,0.5789002053495724
8482,0.2676552517662004
8483,0.5849862216802392
8484,0.1935355685583814
8485,0.4464665457137815
8486,0.3032738739512619
8487,0.651157567281067
8488,0.5453635106952429
8489,0.3618642735863883
8490,0.09647987019841398
8491,0.364729205401952
8492,0.10777862139845648
8493,0.2608804890287254
8494,0.7139556507125813
8495,0.5141102335974648
8496,0.4899958643867508
8497,0.2219826538077985
8498,0.5066410844687143
8499,0.7597122172997827
8500,0.215066784078883
8501,0.7510336589040565
8502,0.33104092858998113
8503,0.4041728704084678
8504,0.16364068949161098
8505,0.37026266556023596
8506,0.6262341861048832
8507,0.4048649912463377
8508,0.5336069043086566
8509,0.36364047108125674
8510,0
8511,0.4451770621215235
8512,0.12369959889048876
8513,0.15811565721223914
8514,0.2975265637217755
8515,0.978961687231581
8516,0.2767940175305249
8517,0.3930866313742106
8518,0.24963722438063404
8519,0.32274333022592566
8520,0.3596195328219729
8521,0.48038038318887105
8522,0.6617160277344629
8523,0.16855914386008275
8524,0
8525,0.4994353857142959
8526,0.31857558680443787
8527,0.5764908635034521
8528,0.07038331159096367
8529,0.6311174229736645
8530,0.53049210277556
8531,0.12012328051792037
8532,0.7988834494790776
8533,0.3124113285160627
8534,0.3318458773304196
8535,0.40328973604464124
8536,0.06332417901708343
8537,0
8538,0.04530983472092115
8539,0.2989354169517504
8540,0.3060443473762287
8541,0.2500515479181239
8542,0.2590556296630821
8543,0.4972673989556322
8544,0.42086959342640184
8545,0.07367524814959744
8546,0.6932516588802884
8547,0.03090530486092649
8548,0.507123217446765
8549,0.6820018588620747
8550,0.36331575208041594
8551,0.6392826565038212
8552,0.3771916076079118
8553,0.27055242107430316
8554,0.06912495324675544
8555,0.3286160834464398
8556,0.16340251429504565
8557,0.5161688272889056
8558,0.40847576548546666
8559,0.40006252472511405
8560,0.26429767451732167
8561,0.6389923809646272
8562,0.32331954218526593
8563,0.6789696262227436
8564,0.35589099746799585
8565,0.2930854295393266
8566,0.17966383591808543
8567,0.20916124242169226
8568,0.11460694765918827
8569,0.41254612693411047
8570,0.5813304214861719
8571,0.21720473180563984
8572,0.06249985447602252
8573,0
8574,0.41987154476903055
8575,0.31571684043395815
8576,0.5041399600989341
8577,0.05529089727237524
8578,0.5186147646633968
8579,0.40623132231176184
8580,0.21472364726783305
8581,0.2469843477334707
8582,0.26718123767230795
8583,0.3602862782470001
8584,0
8585,0.5749946143131345
8586,0.45363020818747796
8587,0.227359158969791
8588,0.286430012281751
8589,0.5940567647284035
8590,0.40240891824977526
8591,0.15671674522349388
8592,0.22151673687672008
8593,0.6481949457231436
8594,0.231562389032188
8595,0.33298914077294234
8596,0.733744858127175
8597,0.4951731180853005
8598,0.33882184516338487
8599,0.059335768090402585
8600,0.16560647354953545
8601,0.2888773762354934
8602,0.7453415424204447
8603,0.49130634245702914
8604,0.3658572804626109
8605,0.14867000698617577
8606,0.16579021149600626
8607,0.39312231945720755
8608,0.3489617695271837
8609,0.3057144321166203
8610,0.49804630001614136
8611,0.09141054948359814
8612,0.5740638494554374
8613,0.03644517111901607
8614,0.7426377217964096
8615,0.2572666825947636
8616,0.10143200482957228
8617,0.46371125257547974
8618,0.2145070636442949
8619,0.1709937201448903
8620,0.032639620575783485
8621,0.5141150994086686
8622,0.5260005344295593
8623,0.13756412548116884
8624,0.07989568593779972
8625,0.4479952157986014
8626,0
8627,0.5818137343099486
8628,0.1738039857439061
8629,0.4266211772564364
8630,0.49302714502989803
8631,0.3909382467151601
8632,0.438783532964763
8633,0.5360709492070259
8634,0.43452513524046615
8635,0.07961042730670562
8636,0.28255351907871507
8637,0.09066972625486658
8638,0.6588176415732974
8639,0.36792965198240524
8640,0
8641,0.41781938326868867
8642,0.18710753100454006
8643,0.06608643672385767
8644,0.7404349520605216
8645,0.3032835344269426
8646,0.13937089410107822
8647,0.5969510160325057
8648,0.7157436311798786
8649,0
8650,0.2928267375332967
8651,0.7160412992068698
8652,0.09887065638505793
8653,0.2956117071008555
8654,0
8655,0.6013543566647667
8656,0.6707917944952552
8657,0.24514176856860848
8658,0.35579123496387877
8659,0.3968207575896503
8660,0
8661,0.4038424275165749
8662,0.13222573195501194
8663,0.07284970211804648
8664,0.17936019263031247
8665,0.5361084036885008
8666,0.2487783831241335
8667,0.3694015907935301
8668,0.2738066336937881
8669,0.20247482632396704
8670,0.27002434893644217
8671,0.48416988787622744
8672,0.27154687286337625
8673,0.362440911285883
8674,0.4091271473467937
8675,0.608063130110077
8676,0.22588872544062105
8677,0
8678,0.23137082369391038
8679,0.20525039986640914
8680,0.4399253737825711
8681,0.47242688966423063
8682,0.5191118385571709
8683,0.3586190380218854
8684,0.5347981007610663
8685,0.5701906352516415
8686,0.5370995236071251
8687,0.2262898841266022
8688,0.34780914109167144
8689,0.4449509089572034
8690,0.8251399303735925
8691,0.20767133096428272
8692,0.4618469883357811
8693,0.5402891046012228
8694,0.1464388963952473
8695,0.34152627076940817
8696,0.23885304179680172
8697,0.3933559153556907
8698,0.16761702141089585
8699,0.48608791337100665
8700,0.5240222133301775
8701,0
8702,0.191040743304377
8703,0.49368192882666595
8704,0.4473857867640881
8705,0.4208932940754336
8706,0.5206703063300552
8707,0.7613669371790694
8708,0.1975324878346375
8709,0.4298771723811433
8710,0.5597143154555793
8711,0.08467182036254312
8712,0.1705686359059738
8713,0.5511511034696832
8714,0.5468062260673975
8715,0.3478566025317087
8716,0.3357465599922656
8717,0.46114682527723405
8718,0.4711978553002897
8719,0.336633069137733
8720,0.17143344532459004
8721,0.5876645925569757
8722,0.3920694738175745
8723,0.05788580732774862
8724,0.18174282453545743
8725,0
8726,0.18752772445626897
8727,0.4147813141135983
8728,0.3204710838761584
8729,0.5063452113821301
8730,0.5812450482954096
8731,0.4728808855180202
8732,0.42638078072962826
8733,0.2172498383063757
8734,0.2910365685196189
8735,0.611985270861432
8736,0.2743891906487929
8737,0.24998612743385726
8738,0.32217821385056844
8739,0.43558172685324437
8740,0.03698285665818024
8741,0.4275662576982959
8742,0.593815278756965
8743,0.3879161329597739
8744,0.28370276888264323
8745,0.41443292455891645
8746,0.5567254020669754
8747,0.01845301819577541
8748,0.55555690073403
8749,0.27924383499796035
8750,0.2455915410562045
8751,0.4617434913137596
8752,0.23594908221620303
8753,0.3990257211073412
8754,0.36332775097771025
8755,0.09251448156242104
8756,0.344158180827992
8757,0.3206793473042213
8758,0.4681519657796653
8759,0.6983328939512327
8760,0.23546238066003064
8761,0
8762,0.20064006398196926
8763,0
8764,0.5653146845721974
8765,0.38822135905004745
8766,0.2622093298191968
8767,0.5766912771127404
8768,0.2604260209644022
8769,0.4531758154531942
8770,0.5453402619692826
8771,0.39453714184309396
8772,0.3940628407252359
8773,0.1428355662640754
8774,0.4397876700709046
8775,0.5027705027444814
8776,0.2949971096312604
8777,0.4649694686890379
8778,0.7087008544479438
8779,0.5102535392775462
8780,0.29468877789117004
8781,0.5299724115055129
8782,0.3265783431007307
8783,0.2089377754331286
8784,0
8785,0
8786,0.5246780388271369
8787,0.2481554860063294
8788,0.2325874317889513
8789,0.6335185748850822
8790,0.3774384246310064
8791,0.18238159218008967
8792,0.615905130074317
8793,0.12614985912535895
8794,0.523001123767368
8795,0.35598339207316315
8796,0.5271441014922222
8797,0.027599673758498144
8798,0.03734798433981257
8799,0.16633298807468208
8800,0.5070633426555132
8801,0.6202785713863731
8802,0.446871661844379
8803,0.6079080824617389
8804,0.24250459235216762
8805,0.21242022036838412
8806,0.20939679408715883
8807,0.2921259177762744
8808,0.5012420380153229
8809,0.49648177022997875
8810,0.634607819615294
8811,0.316916660626795
8812,0.5940326323443822
8813,0.4840187658066682
8814,0.5468622088774298
8815,0.5535428050847365
8816,0
8817,0.3374261802250196
8818,0.37996667678957846
8819,0.1351393672174489
8820,0.3945121149084771
8821,0.1673773089323461
8822,0.5340315911853017
8823,0.038718371943701924
8824,0.0628077409988411
8825,0.3833943980989072
8826,0.3622450464718486
8827,0.10034670742137367
8828,0.3471238450891755
8829,0.6871836170264037
8830,0.12242857092737613
8831,0.036123170185136055
8832,0.28177253495522886
8833,0
8834,0.018292996436931608
8835,0.3661210034092121
8836,0.5497381385484844
8837,0.6216174575776252
8838,0.4993687821678162
8839,0.5139823819781771
8840,0.5243822883902983
8841,0.20843491073060139
8842,0.5977137706061546
8843,0.34678815051928014
8844,0.3605172816298339
8845,0.20496551276593533
8846,0.23592652699053512
8847,0.3740978225769354
8848,0.09431387249320977
8849,0.19262992420984965
8850,0.7528692455377048
8851,0.14144039138630957
8852,0.2938679903733674
8853,0.30787762376997857
8854,0.5434402683460224
8855,0.4335005070074992
8856,0.006383564940268871
8857,0.4102402444883312
8858,0.4285607470423044
8859,0
8860,0.40621480387973025
8861,0.35286096473720935
8862,0.24568732623864098
8863,0.3037895086848109
8864,0.014032611550669705
8865,0.43308151528064426
8866,0.27692048451305934
8867,0.06965131061589569
8868,0.36863268239637276
8869,0
8870,0.5565320461772698
8871,0
8872,0.13599178201873593
8873,0.2746231447114342
8874,0.5920945741698034
8875,0.049700094378697546
8876,0.14766963129070615
8877,0.21965076157659336
8878,0.5157252416092115
8879,0.2450591236962928
8880,0.2300844677130366
8881,0.6870386965390531
8882,0.9819943146845271
8883,0.43750716413297824
8884,0.32347855656525104
8885,0.4456026247135717
8886,0.0015486595622512533
8887,0.3574463200750142
8888,0.5392544291330695
8889,0.42255483176510167
8890,0
8891,0.2657344486401997
8892,0.24646968833635097
8893,0.6418844622143353
8894,0.13675565799240938
8895,0.4471141987376143
8896,0.48216132479427265
8897,0.23308429945886802
8898,0.3432203868875426
8899,0.7726174551332139
8900,0
8901,0.29370168637974803
8902,0.4406123496428235
8903,0.08034985944554363
8904,0.6403361942445427
8905,0.2106000474731022
8906,0.3488002615993059
8907,0.5180553853897203
8908,0.38557982955576764
8909,0.19527630911878374
8910,0.030749186292757802
8911,0.2801658937622507
8912,0.3568629181897467
8913,0.5924792841482645
8914,0.04820330521655333
8915,0.7922195738609946
8916,0
8917,0.3072621778135768
8918,0.6332282980935191
8919,0.45313392123387897
8920,0.21089936385989563
8921,0.7433384391025366
8922,0.30840726217153536
8923,0.570810048161337
8924,0.48796757302443405
8925,0.4504440692666717
8926,0.29835639013149257
8927,0.39421534868221486
8928,0.649171847436343
8929,0.2632566903189417
8930,0.38705681818049253
8931,0.21172302622146397
8932,0.15092383536122297
8933,0.2522815964060405
8934,0.12835318054822875
8935,0.7117289243301397
8936,0.21578799624928874
8937,0.49096362339215854
8938,0.08351352309995602
8939,0.43595646523118675
8940,0.32310181673451904
8941,0.09553094784400251
8942,0.5429369942500324
8943,0.4218500881493418
8944,0.4325955245893333
8945,0.09277546476527995
8946,0.30311164210947983
8947,0.14017370205191837
8948,0.5662148917390928
8949,0.4160704836906576
8950,0.42888316771885593
8951,0
8952,0.2893368494727487
8953,0.34314794845320445
8954,0
8955,0.40247953630094846
8956,0.42189177623481067
8957,0.25083053168886166
8958,0.6077412779632321
8959,0.15366859505746241
8960,0.366742289421947
8961,0.3867317538260962
8962,0.2684493919773623
8963,0.2769331846568659
8964,0.2863929900833251
8965,0.2031764846317658
8966,0.7384604076747849
8967,0.06970568875084482
8968,0.2746804066681689
8969,0.2707295851969542
8970,0.13718383689346528
8971,0
8972,0.386850396174862
8973,0.2822993191106682
8974,0
8975,0.4076763354122054
8976,0.20709954285796855
8977,0.28426134599792036
8978,0.17184548943199618
8979,0.42517154535403173
8980,0.7476975682157205
8981,0.6598024966567071
8982,0.15986188680938296
8983,0.09282063618820846
8984,0.020781174286624737
8985,0.5581416895299258
8986,0.4361924854000772
8987,0.4236279907240673
8988,0.16423934498204348
8989,0.12455096148755287
8990,0
8991,0.41934089241722394
8992,0.235233507737735
8993,0.26052681104964476
8994,0.2125091704003379
8995,0
8996,0.11249895955994907
8997,0.8306563778255404
8998,0.5616993457148998
8999,0.5813595869659616
9000,0.10644022399258476
9001,0.29562735412515434
9002,0.2971607309250571
9003,0.47028857489402315
9004,0.3433320388837281
9005,0.5828231919509219
9006,0.2676343094484968
9007,0.5063807751751995
9008,0.3673346802118449
9009,0.580352354192347
9010,0.18480426907854816
9011,0.25284641485710624
9012,0.48351291375273386
9013,0.4833949008472744
9014,0.525115870917664
9015,0.3720552684757545
9016,0.6489781648345987
9017,0
9018,0.08853771325027299
9019,0.40662174814639934
9020,0.5593829169986346
9021,0.26979717313929175
9022,0.3754725800143534
9023,0.273892546360484
9024,0.22108195494882343
9025,0.37460543874168706
9026,0.46101176303853164
9027,0.6041220919242236
9028,0.4989606932523216
9029,0.5697168042549701
9030,0.7386932779642684
9031,0.4870719167432064
9032,0.4328465772322628
9033,0.2692500788171145
9034,0.14405901238539562
9035,0.10775836769021613
9036,0.5803443931411516
9037,0.5132174233764316
9038,0.6985378109400824
9039,0.38223637533061783
9040,0
9041,0.39803179774066316
9042,0.3119815729676095
9043,0.18958940301120744
9044,0.5520952258052494
9045,0.6618364789819009
9046,0.5367629125596357
9047,0.6673657748191623
9048,0.5977112978230287
9049,0.199990609672822
9050,0.008932419119507096
9051,0.20215053954535003
9052,0.3366182665376876
9053,0.520206567673889
9054,0.1805676842136864
9055,0.1415491121568617
9056,0.09052924325390427
9057,0.7294578859890928
9058,0.7385585707667778
9059,0
9060,0.15734316259593284
9061,0.20274733563105002
9062,0.37096588523685237
9063,0.19388332617155388
9064,0.8177996677944714
9065,0.5377696959855756
9066,0.2884587085786231
9067,0.39494970985426775
9068,0.24567250732332613
9069,0.35815174883611955
9070,0.6129391680375389
9071,0.5114497357496298
9072,0.4597155887850394
9073,0.2583108916261503
9074,0.21357516380303163
9075,0.3451152521777744
9076,0.0650112144344826
9077,0.3101651410140698
9078,0.3454102222633414
9079,0.4579964315208321
9080,0.14836245672867376
9081,0.1811871479703221
9082,0.04804445473583224
9083,0.6531941820627226
9084,0.30575686648690403
9085,0.3177357005067625
9086,0.31684218955284993
9087,0
9088,0.5389566050154848
9089,0.17047922836866578
9090,0.5142877029280687
9091,0.8349569584955973
9092,0.4583512305554386
9093,0.18164881639100475
9094,0.5544115434076273
9095,0.7167156705582707
9096,0.3597128881612192
9097,0.3360678882707557
9098,0.4203807147622577
9099,0.26722930661230804
9100,0.20680098623039703
9101,0.34719759080816825
9102,0.3184023343827119
9103,0.4157896847286067
9104,0.30317862910595605
9105,0.027510668938160177
9106,0.20634891671786496
9107,0.1597253273912105
9108,0.501646651573612
9109,0.22847639782857784
9110,0.3927324194991578
9111,0.3426158245309973
9112,0.467105745254639
9113,0.17556562327126243
9114,0.1963317389444541
9115,0.6802144830572608
9116,0.37276674377404634
9117,0
9118,0.3106448938263796
9119,0.2539666418385106
9120,0.5454546675726202
9121,0.6837880263403385
9122,0.7078526829073586
9123,0
9124,0.5239950391388477
9125,0.10339309934232768
9126,0.056449791865256393
9127,0.08276127188530014
9128,0.7158505363576646
9129,0.5335053572110283
9130,0.0994781712687888
9131,0.37100715720182253
9132,0.5351170650973776
9133,0.14019746585454135
9134,0.1860766746722063
9135,0.1584611361455726
9136,0.4542675618046845
9137,0.4052074026897383
9138,0.5990558884623773
9139,0.37563555047878144
9140,0
9141,0.19449070597279333
9142,0.4735308620371443
9143,0.28795509822569504
9144,0.17259209984730473
9145,0.1916514055781181
9146,0.4406036317935855
9147,0.4652276442106011
9148,0.4832772724958506
9149,0.8820618136385223
9150,0.7435581440320728
9151,0.9376830768881923
9152,0.7940303399986711
9153,0.5756106967365777
9154,0.5342879085627921
9155,0.37037339214406506
9156,0.33245848673861594
9157,0.21058800191615165
9158,0
9159,0.6536251400664189
9160,0.09392790972035775
9161,0.17469765841813506
9162,0.24015656143673142
9163,0.12489179137594991
9164,0.6227434549590144
9165,0.9680519703327124
9166,0.3059405506951741
9167,0.5173117072129951
9168,0.5941020134279539
9169,0.26791314974567326
9170,0
9171,0.10255490165026335
9172,0
9173,0.5788253084220397
9174,0.2232986386658057
9175,0.41546399391685107
9176,0.2503757771875738
9177,0.44067942599484977
9178,0.37799079780479183
9179,0.2391440047094001
9180,0.4085923484763947
9181,0.3778643816892631
9182,0.43332177941140815
9183,0.5348531468745853
9184,0.8320515459249909
9185,0.055154144597182375
9186,0.24613005248419093
9187,0.14971291350347427
9188,0.12070976942779371
9189,0.41545018558900904
9190,0.73115840870815
9191,0.42265950286019804
9192,0.5578636366344765
9193,0.39855207610954707
9194,0.3571183400201592
9195,0.28665898127706113
9196,0.2631703657499809
9197,0.45638900768998836
9198,0.5860013634729306
9199,0.15895693030655847
9200,0.30932827565722953
9201,0.2934071161835525
9202,0.41867238152001635
9203,0.34180888986628855
9204,0.4788982888331404
9205,0.08543130465392862
9206,0
9207,0.6130691272067947
9208,0.2911864705223438
9209,0.6283444790767033
9210,0.3955809154219394
9211,0.17828473133839212
9212,0.2463438557835115
9213,0.15332142698008472
9214,0.019770703938918
9215,0.8250503446250376
9216,0.6199099552216694
9217,0.036411719770328754
9218,0.33343958104618854
9219,0.5517429533402947
9220,0.5428697364962642
9221,0.45490316215784943
9222,0.05318590911281368
9223,0.5586562510414554
9224,0.7649285498410249
9225,0.3333862449148181
9226,0.5435746613567948
9227,0.25251958238430494
9228,0.6991237776873236
9229,0.2484253238429074
9230,0.13875668982036435
9231,0.5624090086179625
9232,0.3213051337233198
9233,0.1432312809780759
9234,0.7944802587026716
9235,0.324668612016938
9236,0.1774263405195146
9237,0.3047702462066949
9238,0.11174970670503856
9239,0.3816896189654858
9240,0.028290094767889462
9241,0.4155302549145933
9242,0.5033455765948787
9243,0.3781914958972119
9244,0.15989247140132457
9245,0.2343970194755522
9246,0.35401274177499226
9247,0.512650131328559
9248,0.173164857390396
9249,0.4908608371334915
9250,0.6336943058967888
9251,0.18967647683541475
9252,0.38342011911236273
9253,0.3596018407811972
9254,0.4620910819990396
9255,0.48440131753279486
9256,0.06568089738297278
9257,0.11738624754464475
9258,0.19966355250362272
9259,0.3926104783491401
9260,0.16196741557578945
9261,0.22122615290962303
9262,0.4626020540279211
9263,0.11251221451653684
9264,0.3947660674633884
9265,0.3306635241427306
9266,0.5475886004487245
9267,0.4729931249820007
9268,0.07122597129356048
9269,0.10252406452385926
9270,0.3331338309163306
9271,0.454468209935585
9272,0.05570209141869267
9273,0.2752978397440117
9274,0
9275,0.2437476634371097
9276,0.5762421543240833
9277,0
9278,0.1669954774094654
9279,0.5404883062709033
9280,0.48915509938110113
9281,0.346410755839461
9282,0.498180756683282
9283,0.11247585109586505
9284,0.12732307449243455
9285,0.5764459574341578
9286,0.14443118276724942
9287,0.34044238475175465
9288,0.01877789529542806
9289,0.17645582685718833
9290,0
9291,0.47007066786845253
9292,0.43143392234726763
9293,0.33310254785696647
9294,0.41382187008748206
9295,0.7202400761156835
9296,0.4821803148327195
9297,0.2127361914429518
9298,0.2941962913714274
9299,0.4915723884713399
9300,0.4236377382974795
9301,0.4454833704455596
9302,0.47015910610133715
9303,0.16866988671883207
9304,0.07849019707431898
9305,0.5412308954241429
9306,0.44110092017601277
9307,0
9308,0.21596145416997806
9309,0.09434293107124614
9310,0.05416922223880463
9311,0.5945720406344563
9312,0
9313,0.25510626312233564
9314,0.48142262115017886
9315,0.25420811179045777
9316,0.09921892194729098
9317,0.19863638996230293
9318,0.38146592363221293
9319,0.30014468277951695
9320,0.3973249755584247
9321,0.49084656228998713
9322,0.3191268273486158
9323,0.37026194874288254
9324,0.3729521785924851
9325,0.47885972133522403
9326,0.002367221364826394
9327,0.5128824461393766
9328,0.1767146773483009
9329,0.4050313960857941
9330,0.2992785836046556
9331,0.4332847297268581
9332,0.2946188063688455
9333,0.29017626023854737
9334,0.2755795629917897
9335,0.267154001572543
9336,0.2948732209424398
9337,0.22538657557875907
9338,0.37060626535130536
9339,0.17188586231074204
9340,0.3091286318355402
9341,0.5652253825841558
9342,0.570934895261238
9343,0.5695148810586816
9344,0.13417914928157054
9345,0.7228087689474212
9346,0.2490422866358334
9347,0.2896158099941422
9348,0.22881979899857147
9349,0.49337646268518265
9350,0.14332834650460802
9351,0.6667223962096795
9352,0.5595824872759105
9353,0.8550669599430734
9354,0.3342821279219152
9355,0.35144459815040147
9356,0.10925122108220811
9357,0.43318289845096936
9358,0.14100809357802774
9359,0.24666750761015108
9360,0.2617196577095702
9361,0.29175516214190406
9362,0.43056317142740025
9363,0.3583283015410082
9364,0.3140913603406803
9365,0.38091262123216685
9366,0.3666739360582065
9367,0
9368,0
9369,0.5225292346791941
9370,0.04485466388795428
9371,0.13682394425943845
9372,0.3135859884699298
9373,0.20624415723661477
9374,0.127594012585326
9375,0.3340403842908981
9376,0.5316032755975328
9377,0.3285562887357712
9378,0.5857630110303341
9379,0.15934595628818832
9380,0.4254559256185961
9381,0.4757618950901919
9382,0.34580215309105805
9383,0.42325454397964957
9384,0.28561635924239787
9385,0.7036712244059804
9386,0.5354637765410657
9387,0.2571185530715657
9388,0.2729777487794734
9389,0.17068119746843033
9390,0.6550185703845544
9391,0.6337871116356346
9392,0.23612974213908092
9393,0.6895432670038741
9394,0.6146482085885023
9395,0.7858812168542844
9396,0.35112153459600787
9397,0.24268832082754893
9398,0.29821784257628725
9399,0.2596684233592624
9400,0.46821770138920465
9401,0
9402,0.2562371152853519
9403,0.45892546760871944
9404,0.3738241033818094
9405,0.33134459018217016
9406,0.31441790341621445
9407,0.29260647233101034
9408,0.361672139861137
9409,0.22378091563104782
9410,0.14090881725200932
9411,0.28109393516566916
9412,0.6032221821578583
9413,0.7156333293779713
9414,0.8754436053931186
9415,0.53032559962211
9416,0.40044253410771125
9417,0.5081576842391707
9418,0.820559762466071
9419,0.20201233272506092
9420,0.5665355774380376
9421,0.21261883568731255
9422,0.5665095026839823
9423,0.4338683397002453
9424,0.15523531401394333
9425,0.1493447724652462
9426,0
9427,0.44843844801327665
9428,0.36188967231614516
9429,0.467963433011776
9430,0.4514830885678799
9431,0.023807076717441755
9432,0.31941761417760534
9433,0.6533678165217689
9434,0.6924483396779002
9435,0.417372833060289
9436,0.3463575475331505
9437,0.3891204329964489
9438,0.29858527735539375
9439,0.07119990085129219
9440,0
9441,0.548225792721174
9442,0.13156479760796055
9443,0.3158507285482969
9444,0.8571451658683241
9445,0.4217402388685355
9446,0.295174217286377
9447,0.2783778888001136
9448,0.5535726146778346
9449,0.1715427655232382
9450,0.2625866822958728
9451,0.4095404548922278
9452,0.2926838814839789
9453,0
9454,0.23876802282475423
9455,1
9456,0.1712868615885636
9457,0.43968060265521375
9458,0.25065671069046574
9459,0.34092050676576924
9460,0.2372476941897784
9461,0.03748031188414375
9462,0
9463,0.5315513192040526
9464,0.41464698017766183
9465,0
9466,0.26177598614652975
9467,0.5901339436721349
9468,0
9469,0.6474628475449391
9470,0.18599089511200528
9471,0.12206807729125796
9472,0.9153945414684087
9473,0.5948998809373849
9474,0.4855351164616766
9475,0.45755082805778435
9476,0
9477,0.6668383093134995
9478,0.5366080087434312
9479,0.28291829532059387
9480,0.3730308066890637
9481,0.3546732658708681
9482,0.11433757382214291
9483,0.6134749790678478
9484,0.5045799169054835
9485,0
9486,0.5162981918774846
9487,0.7640924379296943
9488,0.7472173041757413
9489,0.5863802119970132
9490,0
9491,0.3876958131588586
9492,0.5354075127882223
9493,0.5662257028320048
9494,0.5776808542716049
9495,0
9496,0.49515676654703045
9497,0.7267211938142067
9498,0
9499,0.005759115326737341
9500,0.41361215643060084
9501,0.4805786490975551
9502,0.641451550436811
9503,0.5563445703714652
9504,0.2989334992644307
9505,0.6395523337329627
9506,0.3712932000617025
9507,0.3715757946149674
9508,0.5501934802733528
9509,0.4308884516337991
9510,0.2031945499512298
9511,0.23035900063360026
9512,0.6333198487068402
9513,0.4140029509575826
9514,0.6672003337638396
9515,0.1853613341135913
9516,0.6129574794653586
9517,0.38611063614514424
9518,0.25838402388386306
9519,0.36006018320068467
9520,0.08787564144887727
9521,0.18589873427395093
9522,0.07951099074009754
9523,0
9524,0.7063948391963124
9525,0.5043335131193591
9526,0.4062940780547684
9527,0.3424216915975615
9528,0.41858684600581164
9529,0.6599781923536624
9530,0.17450969102384695
9531,0.194727625722747
9532,0.25376147985114034
9533,0.385368778244966
9534,0
9535,0.20773612732550753
9536,0.49592599973774976
9537,0.17654030076225885
9538,0.6032485900701049
9539,0.317994191663726
9540,0.1426052644453524
9541,0.3035361516923204
9542,0.7943309513972692
9543,0.3711843772898181
9544,0
9545,0.3354623966963076
9546,0.6153912893006686
9547,0.4296416300262746
9548,0.22154624463273867
9549,0.4167134879403331
9550,0.4739565412173472
9551,0.5867438951919763
9552,0.02840140966239363
9553,0.032294009957688885
9554,0.36891801937538393
9555,0.3820768182182587
9556,0.27007516923593977
9557,0.5583126164620991
9558,0.4068968173755104
9559,0.2409611299612987
9560,0.2773659627540913
9561,0.2380470665003167
9562,0.32261257433846324
9563,0.5478403133768163
9564,0.6613416208576555
9565,0.058513129963334576
9566,0.018024019831431426
9567,0.3198947191169307
9568,0.13437845357012185
9569,0.14232024866617404
9570,0.05415169737764283
9571,0.09893104623787677
9572,0
9573,0.4194389415507297
9574,0.4661161805197399
9575,0.11464661634824347
9576,0.5204631732912967
9577,0.44436672269502375
9578,0.4191586350267271
9579,0
9580,0.1521672651256627
9581,0.2848562365196653
9582,0.4574945155458091
9583,0.10591135513727647
9584,0.48161762439813116
9585,0.7916443385351184
9586,0.3853820942796216
9587,0.27809668666720244
9588,0.34083115140515247
9589,0.28135387562114156
9590,0.3783275229578934
9591,0.5356863055555816
9592,0.15910998503258783
9593,0.3669348835454227
9594,0.6477736392411285
9595,0.544726758672834
9596,0.3776968012122472
9597,0.3145923558132576
9598,0.0890501071051594
9599,0.47449707330296226
9600,0.2553946366451853
9601,0.28669536371887355
9602,0.22177733008090506
9603,0.7744331459743369
9604,0.12508990124214103
9605,0.23289787536011816
9606,0.40358412001258515
9607,0.24856607164076144
9608,0.5529040600878161
9609,0.28109371397649296
9610,0.5663291260982236
9611,0.31381393440716715
9612,0.8299565156706032
9613,0.09786203265776161
9614,0.2528132189874589
9615,0.16704050291636408
9616,0
9617,0.3803431967349488
9618,0.41844234200446745
9619,0.5175855692208375
9620,0.322344826463868
9621,0.052542094394953054
9622,0.290614289647691
9623,0.6014292983599483
9624,0.1477676364738027
9625,0
9626,0.39293358034577736
9627,0.0012243571223121141
9628,0.1346776852767503
9629,0.617331080885365
9630,0.5032848501623725
9631,0.4764622970445644
9632,0.5741887769286427
9633,0
9634,0.4453878421809878
9635,0.4570961706967178
9636,0.5951064953900258
9637,0.2238717801865845
9638,0.5329009296626717
9639,0.3002716386981608
9640,0.09210788409475817
9641,0.3357942129084377
9642,0.374347800468313
9643,0.36627519874241316
9644,0.16309612750635066
9645,0.7627872165646561
9646,0.3439436379700627
9647,0.5196234563116848
9648,0.30477542648971134
9649,0.6794950476015202
9650,0.33160906889604347
9651,0.0626763980235602
9652,0.35055021511745
9653,0.4608380235491162
9654,0.20528415871929206
9655,0.5025432024931347
9656,0.5000966857537172
9657,0.5584031653607109
9658,0.10324638125747809
9659,0.28705803495976806
9660,0.2594456325723384
9661,0.15848757444179407
9662,0.16309554067630727
9663,0.3085984871631891
9664,0.5177031562952659
9665,0.21152844640687535
9666,0.24516079956850909
9667,0.3465764365163813
9668,0.2086664008476719
9669,0.3497602521825822
9670,0.47338221485181853
9671,0.4111196309451875
9672,0.2071307256144089
9673,0.37793575237994564
9674,0.20782624179638642
9675,0.15693219681336235
9676,0.06556848172923752
9677,0.39506476472799484
9678,0.6089121631582557
9679,0.34831287456406945
9680,0.442440834426108
9681,0.506584778145674
9682,0.23776024905976262
9683,0.15552822823387077
9684,0.14457068408321894
9685,0.20776078701976794
9686,0.27754493833085025
9687,0.40089244304585603
9688,0.14475531489497173
9689,0.45757940109929635
9690,0.4333357285978684
9691,0.5818551437738553
9692,0.15842633618121515
9693,0.37719583175877003
9694,0.23945135123765154
9695,0.579956835218791
9696,0.4274198819507454
9697,0
9698,0.059362772018431986
9699,0.36277104132679666
9700,0.3914199930934489
9701,0.03657551527337999
9702,0.17447475298761972
9703,0.27086149260710907
9704,0.21232842213708963
9705,0.43810650023964803
9706,0.9225680300012903
9707,0.05717294729723171
9708,0.3068168014880519
9709,0.6717914616938934
9710,0.467722560380607
9711,0.41516134234702423
9712,0.326466928153527
9713,0.6967002286324349
9714,0.34444590235348693
9715,0.3375758474173025
9716,0.011643660274065576
9717,0.46037934288847054
9718,0.3834461883342328
9719,0.6587689158549948
9720,0.4587312250750711
9721,0.0002841790975777192
9722,0.12311999008853397
9723,0.2480928434492648
9724,0.4999681020028863
9725,0.6637650440790405
9726,0.3525486691319925
9727,0.7718291098432325
9728,0
9729,0.43367333669237484
9730,0.5175580016545474
9731,0.5275272574604994
9732,0.16806984950289316
9733,0.18939459076601464
9734,0.2762598361896387
9735,0.20959476122284404
9736,0.14055045675551525
9737,0.47828246333898156
9738,0.5222552200101288
9739,0.2671171691144946
9740,0.3443782314441613
9741,0.08615820460695475
9742,0.8061626819942159
9743,0.19098451228395802
9744,0.2855252309025559
9745,0.3797776038029288
9746,0.40308923990515216
9747,0.5082796582128831
9748,0.362999855232643
9749,0.5376020644835251
9750,0.35990490891741556
9751,0.7482790318995475
9752,0.48432615254636835
9753,0.25497275870120195
9754,0.49326395629660735
9755,0.18473406683475907
9756,0.2931955229881373
9757,0.32327412496948493
9758,0.22746977892254633
9759,0.3808091075981328
9760,0.5436544399215935
9761,0.661487318235758
9762,0.44497747875345794
9763,0.251148701112392
9764,0.5246941681163293
9765,0.2843649258287013
9766,0.5683834276978772
9767,0.3377534968051692
9768,0.5576689725247602
9769,0.35028134428064783
9770,0.18356646296536244
9771,0.01916473002123137
9772,0.8520181212102322
9773,0.28291636594331404
9774,0.46304574233010765
9775,0
9776,0.17890202183442547
9777,0.4493530874946218
9778,0.03814614581376696
9779,0.23129064827962437
9780,1
9781,0.3319573511493125
9782,0.5538757683980137
9783,0.08084194895531358
9784,0.2860726699208315
9785,0.09830576583553566
9786,0.1743019360562971
9787,0.24230533206631152
9788,0
9789,0.810444048946525
9790,0.3261346601129468
9791,0.06410559391085283
9792,0.40454721090083395
9793,0.1903661869801582
9794,0.08330832628420395
9795,0.010445307645813584
9796,0
9797,0.7219632232018593
9798,0.5186628196095147
9799,0.5452800599172873
9800,0.4303050145226398
9801,0.6943437538775244
9802,0.07133462131111948
9803,0.4454300112473867
9804,0.3109583424360316
9805,0.4553080184559294
9806,0.40949455968574106
9807,0
9808,0.27590254408613724
9809,0.31319256426212255
9810,0.5782010163128396
9811,0.37078356041499694
9812,0.5085462958318417
9813,0.769226841196283
9814,0.40942807796096153
9815,0.3538415679991401
9816,0.37735309581953463
9817,0.1328321353391217
9818,0.24547470458365403
9819,0.204139332335444
9820,0.14708782779785362
9821,0.10050297644635463
9822,0.12327338576186758
9823,0.6239435524508457
9824,0.5336855912206544
9825,0.2581945815272506
9826,0.6521664748738252
9827,0.05117235304292661
9828,0.5484686173239844
9829,0.20641474134960044
9830,0.3496556238250218
9831,0.4548828213415551
9832,0.57368723058777
9833,0.408668741859725
9834,0
9835,0.1614742753911573
9836,0.07541218890414045
9837,0.31379754101255025
9838,0.9643634227215339
9839,0.5383032423008018
9840,0.4004013666535369
9841,0.15340445908745662
9842,0.7705243493820293
9843,0.4982552212767255
9844,0.4902063823404267
9845,0.2157929984482883
9846,0.36475756181796437
9847,0.21239267793977154
9848,0.5086294811660967
9849,0.29295412993416436
9850,0
9851,0.2428498747594218
9852,0.030277494371004243
9853,0.050972200318428584
9854,0.3771457038318011
9855,0.4371961839937136
9856,0.1146436330490067
9857,0.2716724026721001
9858,0.24716980366587823
9859,0.33409544157725257
9860,0.6609418273438735
9861,0
9862,0.3460195637343075
9863,0.47153192078103434
9864,0.6120458805424533
9865,0.25702235540511476
9866,0.09257683107173431
9867,0.6269140440293859
9868,0.28694418444969383
9869,0.48190781753393847
9870,0.25994922409525467
9871,0.46375454645094916
9872,0.3273186891108637
9873,0.27692515269989837
9874,0
9875,0.26663703503966724
9876,0.5178344819278977
9877,0.6414102278472598
9878,0.3143501199969423
9879,0.592353142165725
9880,0.5969806287757646
9881,0.142473635573458
9882,0.0274319242678423
9883,0.4214531721413881
9884,0.20272986814112323
9885,0.11137631006133102
9886,0.7690864017798764
9887,0.09580241968853875
9888,0.07197016569599482
9889,0.435770542896754
9890,0.33730725626341546
9891,0.6393683197758002
9892,0.41086009265764617
9893,0.26974583719255346
9894,0.7893219388389097
9895,0.6466331798744979
9896,0.05880646258995037
9897,0
9898,0.4237566080595696
9899,0.37909475153710104
9900,0.31897749978049167
9901,0.8138040415164417
9902,0.17298954740388317
9903,0.5866900721558942
9904,0.5004754696796051
9905,0.37282439458481814
9906,0
9907,0.16447862601970692
9908,0.47345625621176707
9909,0.5707196542580986
9910,0.5035575642097584
9911,0
9912,0.47777389119313995
9913,0.16178656252311963
9914,0.08659597731723626
9915,0.5964073345599921
9916,0.6532801107202579
9917,0.1916000454565929
9918,0.5215670305588538
9919,0.3657180346051088
9920,0.4146079924545264
9921,0.20492823698789908
9922,0.2616104296645671
9923,0.6209940902877994
9924,0.3229698352830865
9925,0.5436161615618782
9926,0.5104393768679967
9927,0.3279781281803612
9928,0.7312871922538743
9929,0.39420433250181997
9930,0.3297034850526652
9931,0.4935231050256339
9932,0.49576443005922166
9933,0.6388598295090466
9934,0.11314830139868504
9935,0.3295353454148159
9936,0.2005997763768703
9937,0.3649982983455963
9938,0.10306107803010495
9939,0.647505341433301
9940,0.650978910623967
9941,0.24452896114828993
9942,0.3915538041880372
9943,0.23483752468984054
9944,0.4553852988151225
9945,0.19084537561021203
9946,0.028233409213924088
9947,0.5840692861535494
9948,0.23394703469511
9949,0.42878943884623605
9950,0.2534256865255622
9951,0.23644789571724817
9952,0.07653932902749266
9953,0.707234092888229
9954,0
9955,0.15692907036337841
9956,0.6845988764981894
9957,0.411113358259285
9958,0.5616497296905396
9959,0.16881132071370022
9960,0.35635794920134617
9961,0.3879993881785009
9962,0.3345249247098625
9963,0.6304526867292621
9964,0
9965,0.33222113260825087
9966,0.31515214025428007
9967,0.2759337217678582
9968,0.4682935876629736
9969,0.1438246113795308
9970,0.7659390765112282
9971,0.37164697196137025
9972,0.47497930054230886
9973,0
9974,0.7123088297702755
9975,0.2661923354735879
9976,0
9977,0
9978,0.4518230778706306
9979,0.5022915512303974
9980,0.566792211806639
9981,0.21115613871382255
9982,0.7760420140458422
9983,0.5457964413344097
9984,0
9985,0.11284449478673306
9986,0.4838431987030624
9987,0.5050061366246593
9988,0.3717588871955259
9989,0.23715160939733362
9990,0.28293170745233626
9991,0.18039504700436362
9992,0.04107483656826652
9993,0.07216824151318477
9994,0.24060749063334633
9995,0.2791524361359183
9996,0.43816646612144505
9997,0.447847073889242
9998,0.5165101986878712
9999,0
